{
    "animation": [
        {
            "name": "Root",
            "time": [0.0, 0.0333, 0.0667, 0.1, 0.1333, 0.1667, 0.2, 0.2333, 0.2667, 0.3, 0.3333, 0.3667, 0.4, 0.4333, 0.4667, 0.5, 0.5333, 0.5667, 0.6, 0.6333, 0.6667, 0.7, 0.7333, 0.7667, 0.8, 0.8333, 0.8667, 0.9, 0.9333, 0.9667, 1.0, 1.0333, 1.0667, 1.1, 1.1333, 1.1667, 1.2, 1.2333, 1.2667, 1.3, 1.3333, 1.3667, 1.4, 1.4333, 1.4667, 1.5, 1.5333, 1.5667, 1.6, 1.6333, 1.6667, 1.7, 1.7333, 1.7667, 1.8, 1.8333, 1.8667, 1.9, 1.9333, 1.9667, 2.0],
            "transform": [
                [0.871156, 0.004502, -0.490985, -5e-06, -0.449411, 0.410101, -0.793629, 0.000946, 0.19778, 0.912029, 0.359285, 0.352453, 0.0, 0.0, 0.0, 1.0],
                [0.842934, 0.055752, -0.53512, 3e-06, -0.53032, 0.253733, -0.808937, -0.088929, 0.090678, 0.965666, 0.243447, 0.417304, 0.0, 0.0, 0.0, 1.0],
                [0.746506, 0.13169, -0.652217, 2.6e-05, -0.634475, -0.154378, -0.757369, -0.312971, -0.200425, 0.979196, -0.03169, 0.559977, 0.0, 0.0, 0.0, 1.0],
                [0.624103, 0.125152, -0.771253, 6.2e-05, -0.590025, -0.571607, -0.570207, -0.602804, -0.512216, 0.810927, -0.282899, 0.70265, 0.0, 0.0, 0.0, 1.0],
                [0.580091, 0.065792, -0.81189, 0.00011, -0.494762, -0.763339, -0.415362, -0.890052, -0.647075, 0.64264, -0.410255, 0.767502, 0.0, 0.0, 0.0, 1.0],
                [0.608587, 0.041071, -0.792424, 0.000169, -0.448886, -0.805677, -0.386505, -1.121945, -0.654312, 0.59093, -0.471888, 0.763859, 0.0, 0.0, 0.0, 1.0],
                [0.65764, 0.051275, -0.751586, 0.000238, -0.401971, -0.819897, -0.407661, -1.308135, -0.637126, 0.57021, -0.518586, 0.754919, 0.0, 0.0, 0.0, 1.0],
                [0.723849, 0.06155, -0.687208, 0.000315, -0.33996, -0.834899, -0.432864, -1.473878, -0.600391, 0.546952, -0.583416, 0.743665, 0.0, 0.0, 0.0, 1.0],
                [0.7983, 0.052021, -0.600008, 0.0004, -0.26189, -0.867154, -0.423623, -1.639694, -0.542337, 0.495315, -0.678626, 0.731629, 0.0, 0.0, 0.0, 1.0],
                [0.863453, 0.041401, -0.502727, 0.00049, -0.192949, -0.893727, -0.404998, -1.807147, -0.466068, 0.446697, -0.763703, 0.714542, 0.0, 0.0, 0.0, 1.0],
                [0.909677, 0.042967, -0.413089, 0.000584, -0.150869, -0.8925, -0.425067, -1.973063, -0.386945, 0.448996, -0.805404, 0.686891, 0.0, 0.0, 0.0, 1.0],
                [0.940857, 0.048338, -0.335338, 0.000682, -0.128206, -0.865375, -0.484448, -2.134267, -0.31361, 0.498789, -0.807997, 0.647909, 0.0, 0.0, 0.0, 1.0],
                [0.961064, 0.050705, -0.271633, 0.000782, -0.117731, -0.814196, -0.568528, -2.287585, -0.249989, 0.578372, -0.776525, 0.601567, 0.0, 0.0, 0.0, 1.0],
                [0.973278, 0.048238, -0.224508, 0.000882, -0.116127, -0.74006, -0.662439, -2.429842, -0.198104, 0.670808, -0.714682, 0.552047, 0.0, 0.0, 0.0, 1.0],
                [0.979723, 0.042197, -0.195862, 0.000982, -0.12234, -0.648176, -0.751599, -2.557865, -0.158668, 0.760321, -0.62987, 0.50353, 0.0, 0.0, 0.0, 1.0],
                [0.982144, 0.036096, -0.184638, 0.001079, -0.135013, -0.54824, -0.825351, -2.668585, -0.131018, 0.835541, -0.533578, 0.460097, 0.0, 0.0, 0.0, 1.0],
                [0.98331, 0.033714, -0.178788, 0.001174, -0.145167, -0.446978, -0.882687, -2.76135, -0.109673, 0.893909, -0.434624, 0.423539, 0.0, 0.0, 0.0, 1.0],
                [0.984017, 0.03214, -0.175151, 0.001264, -0.153553, -0.344952, -0.925975, -2.837929, -0.090179, 0.93807, -0.334503, 0.39336, 0.0, 0.0, 0.0, 1.0],
                [0.984482, 0.027476, -0.173322, 0.001348, -0.161721, -0.241398, -0.956856, -2.900196, -0.06813, 0.970037, -0.233208, 0.368964, 0.0, 0.0, 0.0, 1.0],
                [0.982238, 0.014916, -0.187043, 0.001425, -0.18337, -0.135071, -0.97372, -2.950023, -0.039788, 0.990724, -0.129937, 0.349755, 0.0, 0.0, 0.0, 1.0],
                [0.958841, -0.004932, -0.2839, 0.001494, -0.28393, -0.026053, -0.958491, -2.989284, -0.002669, 0.999648, -0.026381, 0.335136, 0.0, 0.0, 0.0, 1.0],
                [0.898116, -0.016655, -0.439443, 0.001553, -0.436706, 0.083753, -0.895697, -3.019852, 0.051722, 0.996347, 0.067946, 0.324513, 0.0, 0.0, 0.0, 1.0],
                [0.795654, -0.011394, -0.605645, 0.001602, -0.593341, 0.186695, -0.783002, -3.0436, 0.121992, 0.982352, 0.141784, 0.317287, 0.0, 0.0, 0.0, 1.0],
                [0.672742, 0.008594, -0.739827, 0.001638, -0.713249, 0.273381, -0.645398, -3.062402, 0.196709, 0.961867, 0.190045, 0.312864, 0.0, 0.0, 0.0, 1.0],
                [0.569038, 0.03238, -0.821673, 0.00166, -0.779402, 0.339802, -0.526372, -3.07813, 0.262162, 0.93994, 0.218597, 0.310648, 0.0, 0.0, 0.0, 1.0],
                [0.524708, 0.046494, -0.850012, 0.001668, -0.79339, 0.388641, -0.468498, -3.092659, 0.308567, 0.920215, 0.24081, 0.310041, 0.0, 0.0, 0.0, 1.0],
                [0.521986, 0.051196, -0.851416, 0.0016, -0.78178, 0.427903, -0.453563, -3.107541, 0.341103, 0.902373, 0.263384, 0.310049, 0.0, 0.0, 0.0, 1.0],
                [0.520075, 0.05543, -0.85232, 0.001407, -0.769861, 0.462602, -0.439674, -3.123041, 0.369914, 0.884831, 0.283261, 0.310099, 0.0, 0.0, 0.0, 1.0],
                [0.518877, 0.059167, -0.852799, 0.001101, -0.757987, 0.493097, -0.426978, -3.139106, 0.395249, 0.86796, 0.300704, 0.310236, 0.0, 0.0, 0.0, 1.0],
                [0.518299, 0.0624, -0.85292, 0.000698, -0.746438, 0.519744, -0.415567, -3.155682, 0.417369, 0.85204, 0.315961, 0.310502, 0.0, 0.0, 0.0, 1.0],
                [0.518253, 0.065137, -0.852743, 0.00021, -0.735425, 0.542893, -0.405484, -3.172715, 0.436536, 0.837272, 0.329259, 0.31094, 0.0, 0.0, 0.0, 1.0],
                [0.518657, 0.067396, -0.852322, -0.000347, -0.725104, 0.562873, -0.396734, -3.19015, 0.453011, 0.823791, 0.340807, 0.311595, 0.0, 0.0, 0.0, 1.0],
                [0.519434, 0.069206, -0.851703, -0.00096, -0.715584, 0.579994, -0.38929, -3.207933, 0.467042, 0.811675, 0.350792, 0.312508, 0.0, 0.0, 0.0, 1.0],
                [0.520513, 0.070602, -0.85093, -0.001616, -0.706932, 0.594544, -0.3831, -3.22601, 0.478868, 0.800958, 0.359378, 0.313723, 0.0, 0.0, 0.0, 1.0],
                [0.521826, 0.071623, -0.85004, -0.002299, -0.699183, 0.606787, -0.37809, -3.244326, 0.488713, 0.791631, 0.366714, 0.315283, 0.0, 0.0, 0.0, 1.0],
                [0.523311, 0.072313, -0.849068, -0.002996, -0.692348, 0.616967, -0.374173, -3.262828, 0.49679, 0.78366, 0.372931, 0.317232, 0.0, 0.0, 0.0, 1.0],
                [0.524907, 0.072717, -0.848048, -0.003694, -0.686414, 0.62531, -0.371245, -3.281461, 0.503297, 0.776981, 0.378144, 0.319612, 0.0, 0.0, 0.0, 1.0],
                [0.52656, 0.072882, -0.847008, -0.004377, -0.681353, 0.632024, -0.369193, -3.30017, 0.508422, 0.771514, 0.382457, 0.322466, 0.0, 0.0, 0.0, 1.0],
                [0.528212, 0.072856, -0.845981, -0.005032, -0.677122, 0.637307, -0.367895, -3.318902, 0.512346, 0.767159, 0.385965, 0.325838, 0.0, 0.0, 0.0, 1.0],
                [0.529812, 0.072685, -0.844995, -0.005646, -0.673669, 0.64134, -0.367224, -3.337603, 0.515237, 0.763806, 0.388755, 0.329771, 0.0, 0.0, 0.0, 1.0],
                [0.531307, 0.072417, -0.844079, -0.006203, -0.670936, 0.644301, -0.367044, -3.356218, 0.51726, 0.761336, 0.390909, 0.334308, 0.0, 0.0, 0.0, 1.0],
                [0.532645, 0.072099, -0.843262, -0.00669, -0.668858, 0.646358, -0.36722, -3.374693, 0.518573, 0.75962, 0.392504, 0.339492, 0.0, 0.0, 0.0, 1.0],
                [0.533776, 0.071775, -0.842574, -0.007094, -0.667367, 0.647677, -0.367608, -3.392973, 0.519331, 0.758526, 0.393615, 0.345367, 0.0, 0.0, 0.0, 1.0],
                [0.534647, 0.07149, -0.842046, -0.007399, -0.666391, 0.648421, -0.368066, -3.411006, 0.519687, 0.757918, 0.394317, 0.351975, 0.0, 0.0, 0.0, 1.0],
                [0.535208, 0.071288, -0.841707, -0.007593, -0.66586, 0.64875, -0.368448, -3.428735, 0.519791, 0.757655, 0.394684, 0.359359, 0.0, 0.0, 0.0, 1.0],
                [0.535406, 0.071212, -0.841587, -0.007661, -0.665699, 0.648824, -0.368608, -3.446107, 0.519793, 0.757599, 0.39479, 0.367563, 0.0, 0.0, 0.0, 1.0],
                [0.536195, 0.073016, -0.84093, -0.007661, -0.667933, 0.645836, -0.369813, -3.463061, 0.516101, 0.759977, 0.395064, 0.376915, 0.0, 0.0, 0.0, 1.0],
                [0.53826, 0.077824, -0.839178, -0.007661, -0.674272, 0.637126, -0.373401, -3.479506, 0.505603, 0.766821, 0.395414, 0.387526, 0.0, 0.0, 0.0, 1.0],
                [0.541114, 0.084746, -0.836668, -0.007661, -0.684088, 0.623003, -0.379329, -3.495344, 0.4891, 0.777615, 0.39509, 0.399115, 0.0, 0.0, 0.0, 1.0],
                [0.544271, 0.092895, -0.83375, -0.007661, -0.696674, 0.603714, -0.387523, -3.510477, 0.467348, 0.79177, 0.393302, 0.411398, 0.0, 0.0, 0.0, 1.0],
                [0.547277, 0.101364, -0.830791, -0.007661, -0.711278, 0.579483, -0.397848, -3.524807, 0.441102, 0.808656, 0.389236, 0.424094, 0.0, 0.0, 0.0, 1.0],
                [0.549747, 0.109209, -0.828162, -0.007661, -0.727141, 0.550538, -0.410089, -3.538237, 0.411149, 0.827636, 0.382067, 0.43692, 0.0, 0.0, 0.0, 1.0],
                [0.551384, 0.11544, -0.826226, -0.007661, -0.743531, 0.517141, -0.423942, -3.550669, 0.378335, 0.84808, 0.370976, 0.449594, 0.0, 0.0, 0.0, 1.0],
                [0.551991, 0.119019, -0.825312, -0.007661, -0.759779, 0.479601, -0.438997, -3.562005, 0.343572, 0.869378, 0.355164, 0.461835, 0.0, 0.0, 0.0, 1.0],
                [0.551477, 0.118859, -0.825679, -0.007661, -0.775314, 0.438287, -0.454745, -3.572146, 0.307834, 0.890941, 0.333859, 0.473359, 0.0, 0.0, 0.0, 1.0],
                [0.549718, 0.113934, -0.827544, -0.007661, -0.789763, 0.393676, -0.47042, -3.580996, 0.272187, 0.912162, 0.306391, 0.483884, 0.0, 0.0, 0.0, 1.0],
                [0.546453, 0.104865, -0.830899, -0.007661, -0.802896, 0.3478, -0.484142, -3.588456, 0.238217, 0.931686, 0.274252, 0.493129, 0.0, 0.0, 0.0, 1.0],
                [0.5426, 0.093734, -0.834745, -0.007661, -0.813842, 0.30469, -0.494798, -3.594429, 0.207959, 0.947828, 0.241609, 0.50081, 0.0, 0.0, 0.0, 1.0],
                [0.539025, 0.082822, -0.838208, -0.007661, -0.822037, 0.268644, -0.502081, -3.598817, 0.183597, 0.959672, 0.212888, 0.506647, 0.0, 0.0, 0.0, 1.0],
                [0.536421, 0.074511, -0.840655, -0.007661, -0.827189, 0.243958, -0.506205, -3.601521, 0.167366, 0.966919, 0.192499, 0.510355, 0.0, 0.0, 0.0, 1.0],
                [0.535406, 0.071211, -0.841587, -0.007661, -0.829015, 0.234819, -0.507538, -3.602444, 0.161478, 0.969427, 0.184759, 0.511654, 0.0, 0.0, 0.0, 1.0]
            ]
        },
        {
            "name": "Thigh_R",
            "time": [0.0, 0.0333, 0.0667, 0.1, 0.1333, 0.1667, 0.2, 0.2333, 0.2667, 0.3, 0.3333, 0.3667, 0.4, 0.4333, 0.4667, 0.5, 0.5333, 0.5667, 0.6, 0.6333, 0.6667, 0.7, 0.7333, 0.7667, 0.8, 0.8333, 0.8667, 0.9, 0.9333, 0.9667, 1.0, 1.0333, 1.0667, 1.1, 1.1333, 1.1667, 1.2, 1.2333, 1.2667, 1.3, 1.3333, 1.3667, 1.4, 1.4333, 1.4667, 1.5, 1.5333, 1.5667, 1.6, 1.6333, 1.6667, 1.7, 1.7333, 1.7667, 1.8, 1.8333, 1.8667, 1.9, 1.9333, 1.9667, 2.0],
            "transform": [
                [0.682105, 0.730648, 0.02974, 0.124994, 0.427336, -0.431285, 0.794592, -0.002831, 0.593394, -0.529285, -0.606415, -1.2e-05, 0.0, 0.0, 0.0, 1.0],
                [0.765712, 0.631143, -0.123864, 0.124994, 0.456838, -0.398125, 0.795485, -0.002831, 0.452752, -0.665696, -0.59318, -1.2e-05, 0.0, 0.0, 0.0, 1.0],
                [0.829995, 0.483147, -0.278703, 0.124994, 0.503733, -0.434748, 0.746489, -0.002831, 0.239499, -0.759973, -0.604218, -1.2e-05, 0.0, 0.0, 0.0, 1.0],
                [0.824261, 0.482321, -0.29658, 0.124994, 0.564405, -0.658107, 0.498338, -0.002831, 0.045177, -0.578151, -0.814678, -1.2e-05, 0.0, 0.0, 0.0, 1.0],
                [0.814484, 0.538155, -0.216802, 0.124994, 0.57107, -0.80959, 0.135795, -0.002831, -0.102442, -0.234412, -0.966725, -1.2e-05, 0.0, 0.0, 0.0, 1.0],
                [0.806132, 0.432268, -0.404097, 0.124994, 0.547257, -0.804378, 0.231265, -0.002831, -0.225079, -0.407575, -0.884999, -1.2e-05, 0.0, 0.0, 0.0, 1.0],
                [0.787964, 0.244714, -0.565002, 0.124994, 0.523733, -0.748881, 0.406053, -0.002831, -0.323752, -0.615865, -0.718258, -1.2e-05, 0.0, 0.0, 0.0, 1.0],
                [0.785507, 0.047878, -0.616998, 0.124994, 0.47868, -0.678907, 0.556731, -0.002831, -0.39223, -0.732659, -0.556206, -1.2e-05, 0.0, 0.0, 0.0, 1.0],
                [0.780478, -0.061411, -0.62216, 0.124994, 0.431508, -0.667192, 0.607168, -0.002831, -0.452388, -0.742347, -0.494231, -1.2e-05, 0.0, 0.0, 0.0, 1.0],
                [0.770312, -0.055621, -0.635237, 0.124994, 0.40956, -0.720393, 0.559726, -0.002831, -0.488753, -0.691329, -0.532149, -1.2e-05, 0.0, 0.0, 0.0, 1.0],
                [0.775543, -0.004464, -0.631278, 0.124994, 0.419965, -0.742956, 0.521194, -0.002831, -0.47134, -0.669322, -0.574322, -1.2e-05, 0.0, 0.0, 0.0, 1.0],
                [0.893314, 0.087591, -0.440816, 0.124994, 0.379606, -0.672132, 0.635717, -0.002831, -0.240604, -0.735229, -0.633676, -1.2e-05, 0.0, 0.0, 0.0, 1.0],
                [0.913541, 0.170846, -0.369126, 0.124994, 0.384702, -0.657619, 0.647719, -0.002831, -0.132085, -0.733719, -0.666489, -1.2e-05, 0.0, 0.0, 0.0, 1.0],
                [0.916734, 0.224379, -0.330534, 0.124994, 0.391986, -0.664894, 0.635815, -0.002831, -0.077107, -0.712436, -0.697486, -1.2e-05, 0.0, 0.0, 0.0, 1.0],
                [0.917504, 0.241551, -0.315971, 0.124994, 0.39631, -0.622186, 0.675146, -0.002831, -0.033511, -0.744671, -0.666589, -1.2e-05, 0.0, 0.0, 0.0, 1.0],
                [0.90667, 0.260691, -0.331645, 0.124994, 0.421751, -0.576319, 0.699987, -0.002831, -0.008653, -0.774528, -0.632479, -1.2e-05, 0.0, 0.0, 0.0, 1.0],
                [0.877638, 0.328342, -0.349202, 0.124994, 0.479118, -0.579628, 0.659149, -0.002831, 0.014019, -0.745802, -0.666019, -1.2e-05, 0.0, 0.0, 0.0, 1.0],
                [0.816289, 0.465883, -0.341504, 0.124994, 0.575844, -0.60968, 0.544694, -0.002831, 0.045555, -0.64128, -0.765953, -1.2e-05, 0.0, 0.0, 0.0, 1.0],
                [0.729375, 0.651792, -0.207793, 0.124994, 0.677047, -0.64419, 0.355846, -0.002831, 0.098079, -0.40023, -0.911151, -1.2e-05, 0.0, 0.0, 0.0, 1.0],
                [0.645639, 0.763621, -0.005509, 0.124994, 0.746142, -0.629291, 0.217401, -0.002831, 0.162545, -0.144472, -0.976067, -1.2e-05, 0.0, 0.0, 0.0, 1.0],
                [0.611291, 0.787363, 0.079873, 0.124994, 0.768889, -0.614769, 0.175692, -0.002831, 0.187437, -0.045985, -0.9812, -1.2e-05, 0.0, 0.0, 0.0, 1.0],
                [0.626039, 0.778748, 0.04031, 0.124994, 0.75996, -0.620885, 0.192255, -0.002831, 0.174746, -0.089725, -0.980517, -1.2e-05, 0.0, 0.0, 0.0, 1.0],
                [0.66403, 0.744098, -0.073344, 0.124994, 0.735721, -0.632741, 0.24156, -0.002831, 0.133337, -0.214363, -0.96761, -1.2e-05, 0.0, 0.0, 0.0, 1.0],
                [0.701517, 0.684879, -0.19701, 0.124994, 0.707873, -0.637693, 0.303747, -0.002831, 0.082399, -0.352541, -0.932162, -1.2e-05, 0.0, 0.0, 0.0, 1.0],
                [0.731329, 0.622981, -0.277579, 0.124994, 0.680373, -0.6381, 0.360442, -0.002831, 0.047426, -0.452459, -0.890523, -1.2e-05, 0.0, 0.0, 0.0, 1.0],
                [0.75664, 0.590073, -0.281617, 0.124994, 0.651762, -0.646452, 0.396617, -0.002831, 0.051981, -0.483642, -0.873721, -1.2e-05, 0.0, 0.0, 0.0, 1.0],
                [0.778473, 0.580306, -0.239214, 0.124994, 0.622381, -0.664241, 0.414035, -0.002831, 0.081372, -0.471196, -0.878267, -1.2e-05, 0.0, 0.0, 0.0, 1.0],
                [0.797219, 0.569327, -0.200766, 0.124995, 0.594446, -0.682354, 0.42547, -0.002831, 0.105238, -0.458537, -0.882422, -1.2e-05, 0.0, 0.0, 0.0, 1.0],
                [0.813349, 0.557304, -0.166953, 0.124995, 0.568483, -0.700345, 0.431674, -0.002831, 0.12365, -0.446011, -0.886445, -1.2e-05, 0.0, 0.0, 0.0, 1.0],
                [0.827304, 0.544485, -0.138214, 0.124994, 0.544833, -0.717787, 0.433516, -0.002831, 0.136835, -0.433953, -0.890484, -1.2e-05, 0.0, 0.0, 0.0, 1.0],
                [0.839463, 0.531161, -0.114754, 0.124995, 0.523669, -0.734305, 0.431932, -0.002831, 0.145161, -0.422684, -0.894576, -1.2e-05, 0.0, 0.0, 0.0, 1.0],
                [0.850138, 0.517625, -0.096587, 0.124994, 0.505015, -0.749584, 0.427882, -0.002831, 0.149082, -0.412536, -0.89866, -1.2e-05, 0.0, 0.0, 0.0, 1.0],
                [0.859573, 0.504131, -0.083572, 0.124994, 0.488775, -0.763378, 0.422315, -0.002831, 0.149105, -0.403858, -0.902588, -1.2e-05, 0.0, 0.0, 0.0, 1.0],
                [0.867954, 0.490877, -0.075455, 0.124994, 0.474772, -0.775508, 0.416146, -0.00283, 0.145761, -0.397019, -0.906162, -1.2e-05, 0.0, 0.0, 0.0, 1.0],
                [0.875426, 0.477974, -0.071894, 0.124994, 0.462763, -0.785864, 0.410201, -0.002831, 0.139567, -0.39237, -0.909157, -1.2e-05, 0.0, 0.0, 0.0, 1.0],
                [0.882101, 0.46545, -0.072469, 0.124994, 0.45247, -0.794414, 0.405185, -0.002831, 0.131023, -0.390204, -0.911358, -1.2e-05, 0.0, 0.0, 0.0, 1.0],
                [0.888075, 0.453254, -0.076698, 0.124994, 0.443599, -0.801192, 0.401632, -0.002831, 0.120592, -0.390702, -0.912584, -1.2e-05, 0.0, 0.0, 0.0, 1.0],
                [0.893434, 0.441265, -0.084019, 0.124994, 0.435844, -0.80632, 0.399857, -0.002831, 0.108697, -0.393864, -0.912719, -1.2e-05, 0.0, 0.0, 0.0, 1.0],
                [0.898263, 0.429321, -0.093834, 0.124994, 0.428906, -0.809969, 0.399984, -0.002831, 0.095719, -0.399537, -0.911706, -1.2e-05, 0.0, 0.0, 0.0, 1.0],
                [0.90265, 0.417246, -0.105491, 0.124994, 0.422489, -0.81237, 0.401939, -0.002831, 0.08201, -0.407378, -0.90957, -1.2e-05, 0.0, 0.0, 0.0, 1.0],
                [0.906685, 0.404865, -0.118343, 0.124994, 0.416308, -0.813766, 0.405549, -0.002831, 0.067889, -0.416971, -0.90638, -1.2e-05, 0.0, 0.0, 0.0, 1.0],
                [0.910468, 0.392036, -0.131736, 0.124994, 0.410083, -0.814416, 0.410556, -0.002831, 0.053665, -0.42782, -0.902269, -1.2e-05, 0.0, 0.0, 0.0, 1.0],
                [0.914104, 0.378646, -0.145049, 0.124994, 0.403536, -0.814555, 0.416721, -0.002831, 0.039639, -0.439458, -0.897388, -1.2e-05, 0.0, 0.0, 0.0, 1.0],
                [0.91771, 0.364621, -0.157667, 0.124994, 0.39639, -0.814395, 0.423832, -0.002831, 0.026135, -0.451452, -0.891913, -1.2e-05, 0.0, 0.0, 0.0, 1.0],
                [0.921409, 0.349945, -0.168945, 0.124994, 0.388357, -0.814139, 0.431686, -0.002831, 0.013522, -0.46337, -0.886061, -1.2e-05, 0.0, 0.0, 0.0, 1.0],
                [0.925343, 0.33464, -0.178204, 0.124995, 0.379125, -0.813969, 0.440132, -0.002831, 0.002234, -0.474834, -0.880073, -1.2e-05, 0.0, 0.0, 0.0, 1.0],
                [0.928262, 0.322878, -0.184603, 0.124994, 0.371896, -0.812112, 0.449628, -0.002831, -0.004744, -0.486025, -0.873932, -1.2e-05, 0.0, 0.0, 0.0, 1.0],
                [0.929166, 0.318427, -0.187761, 0.124994, 0.369627, -0.807341, 0.459971, -0.002831, -0.00512, -0.49679, -0.867855, -1.2e-05, 0.0, 0.0, 0.0, 1.0],
                [0.928384, 0.320708, -0.187746, 0.124994, 0.371621, -0.800523, 0.470169, -0.00283, 0.000492, -0.506267, -0.862376, -1.2e-05, 0.0, 0.0, 0.0, 1.0],
                [0.926047, 0.329082, -0.184776, 0.124994, 0.377238, -0.792387, 0.479387, -0.002831, 0.011344, -0.513638, -0.857932, -1.2e-05, 0.0, 0.0, 0.0, 1.0],
                [0.922151, 0.342811, -0.179214, 0.124994, 0.385921, -0.783555, 0.486934, -0.002831, 0.026502, -0.518188, -0.854856, -1.2e-05, 0.0, 0.0, 0.0, 1.0],
                [0.916626, 0.361059, -0.171557, 0.124994, 0.397223, -0.774568, 0.492196, -0.002831, 0.04483, -0.519305, -0.853412, -1.2e-05, 0.0, 0.0, 0.0, 1.0],
                [0.909399, 0.382891, -0.162439, 0.124994, 0.410821, -0.765916, 0.494568, -0.002831, 0.064951, -0.516492, -0.853825, -1.2e-05, 0.0, 0.0, 0.0, 1.0],
                [0.900456, 0.407284, -0.152637, 0.124994, 0.42651, -0.758047, 0.493409, -0.002831, 0.085252, -0.509394, -0.8563, -1.2e-05, 0.0, 0.0, 0.0, 1.0],
                [0.88989, 0.433162, -0.143053, 0.124993, 0.444189, -0.751389, 0.487963, -0.002831, 0.103879, -0.497775, -0.861062, -1.2e-05, 0.0, 0.0, 0.0, 1.0],
                [0.877952, 0.459368, -0.134837, 0.124993, 0.463803, -0.746289, 0.477427, -0.002831, 0.118688, -0.481694, -0.868264, -1.2e-05, 0.0, 0.0, 0.0, 1.0],
                [0.865329, 0.484268, -0.129188, 0.124994, 0.484534, -0.742357, 0.462742, -0.002831, 0.128188, -0.463019, -0.87703, -1.2e-05, 0.0, 0.0, 0.0, 1.0],
                [0.853163, 0.506294, -0.125609, 0.124994, 0.504346, -0.739105, 0.446495, -0.002831, 0.13322, -0.444282, -0.885926, -1.2e-05, 0.0, 0.0, 0.0, 1.0],
                [0.842764, 0.523901, -0.123594, 0.124994, 0.521081, -0.736452, 0.431406, -0.002831, 0.134992, -0.427975, -0.893652, -1.2e-05, 0.0, 0.0, 0.0, 1.0],
                [0.835532, 0.535555, -0.122745, 0.124994, 0.532624, -0.734636, 0.420262, -0.002831, 0.1349, -0.416518, -0.899063, -1.2e-05, 0.0, 0.0, 0.0, 1.0],
                [0.832839, 0.539764, -0.122603, 0.124994, 0.536923, -0.733984, 0.415907, -0.002831, 0.134503, -0.412212, -0.901105, -1.2e-05, 0.0, 0.0, 0.0, 1.0]
            ]
        },
        {
            "name": "Leg_R",
            "time": [0.0, 0.0333, 0.0667, 0.1, 0.1333, 0.1667, 0.2, 0.2333, 0.2667, 0.3, 0.3333, 0.3667, 0.4, 0.4333, 0.4667, 0.5, 0.5333, 0.5667, 0.6, 0.6333, 0.6667, 0.7, 0.7333, 0.7667, 0.8, 0.8333, 0.8667, 0.9, 0.9333, 0.9667, 1.0, 1.0333, 1.0667, 1.1, 1.1333, 1.1667, 1.2, 1.2333, 1.2667, 1.3, 1.3333, 1.3667, 1.4, 1.4333, 1.4667, 1.5, 1.5333, 1.5667, 1.6, 1.6333, 1.6667, 1.7, 1.7333, 1.7667, 1.8, 1.8333, 1.8667, 1.9, 1.9333, 1.9667, 2.0],
            "transform": [
                [1.0, -1e-06, 0.0, 0.0, -0.0, 0.031137, 0.999515, 0.374726, -1e-06, -0.999516, 0.031136, -0.0, 0.0, 0.0, 0.0, 1.0],
                [1.0, -1e-06, 0.0, 0.0, -0.0, -0.003155, 0.999994, 0.374726, -1e-06, -0.999996, -0.003155, -0.0, 0.0, 0.0, 0.0, 1.0],
                [1.0, -1e-06, 0.0, -0.0, -0.0, 0.154059, 0.988061, 0.374726, -1e-06, -0.988062, 0.154058, -0.0, 0.0, 0.0, 0.0, 1.0],
                [1.0, -1e-06, 1e-06, 0.0, -0.0, 0.625635, 0.780116, 0.374726, -1e-06, -0.780118, 0.625632, 0.0, 0.0, 0.0, 0.0, 1.0],
                [1.0, -0.0, 1e-06, 0.0, -0.0, 0.964112, 0.265504, 0.374726, -1e-06, -0.265505, 0.964107, -0.0, 0.0, 0.0, 0.0, 1.0],
                [1.0, -0.0, 1e-06, 0.0, -0.0, 0.786694, 0.617346, 0.374726, -1e-06, -0.617347, 0.786688, 0.0, 0.0, 0.0, 0.0, 1.0],
                [1.0, -1e-06, 0.0, -0.0, -0.0, 0.465942, 0.884815, 0.374726, -1e-06, -0.884817, 0.465939, -0.0, 0.0, 0.0, 0.0, 1.0],
                [1.0, -1e-06, 0.0, -0.0, -0.0, 0.301792, 0.953373, 0.374726, -1e-06, -0.953375, 0.30179, -0.0, 0.0, 0.0, 0.0, 1.0],
                [1.0, -1e-06, 1e-06, 0.0, -0.0, 0.382021, 0.924153, 0.374726, -1e-06, -0.924155, 0.382019, -0.0, 0.0, 0.0, 0.0, 1.0],
                [1.0, -1e-06, 1e-06, -0.0, -0.0, 0.614524, 0.7889, 0.374726, -1e-06, -0.788901, 0.614519, -0.0, 0.0, 0.0, 0.0, 1.0],
                [1.0, -1e-06, 1e-06, 0.0, -0.0, 0.762391, 0.647119, 0.374727, -1e-06, -0.64712, 0.762386, 0.0, 0.0, 0.0, 0.0, 1.0],
                [1.0, -1e-06, 1e-06, 0.0, -0.0, 0.653028, 0.757335, 0.374726, -1e-06, -0.757336, 0.653024, -0.0, 0.0, 0.0, 0.0, 1.0],
                [1.0, -1e-06, 1e-06, -0.0, -0.0, 0.491079, 0.871115, 0.374726, -1e-06, -0.871117, 0.491076, -0.0, 0.0, 0.0, 0.0, 1.0],
                [1.0, -1e-06, 1e-06, 0.0, -0.0, 0.413182, 0.910648, 0.374726, -1e-06, -0.91065, 0.413179, 0.0, 0.0, 0.0, 0.0, 1.0],
                [1.0, -1e-06, 0.0, -0.0, -0.0, 0.309842, 0.950788, 0.374726, -1e-06, -0.950789, 0.30984, -0.0, 0.0, 0.0, 0.0, 1.0],
                [1.0, -1e-06, 0.0, 0.0, -0.0, 0.125649, 0.992074, 0.374726, -1e-06, -0.992075, 0.125648, -0.0, 0.0, 0.0, 0.0, 1.0],
                [1.0, -1e-06, 0.0, -0.0, -0.0, -0.082187, 0.996616, 0.374726, -1e-06, -0.996618, -0.082187, -0.0, 0.0, 0.0, 0.0, 1.0],
                [1.0, -1e-06, -0.0, -0.0, -0.0, -0.249153, 0.968463, 0.374726, -1e-06, -0.968465, -0.249152, 0.0, 0.0, 0.0, 0.0, 1.0],
                [1.0, -1e-06, 0.0, 0.0, -0.0, -0.215833, 0.976429, 0.374726, -1e-06, -0.976431, -0.215832, 0.0, 0.0, 0.0, 0.0, 1.0],
                [1.0, -1e-06, 0.0, 0.0, -0.0, -0.028005, 0.999607, 0.374726, -1e-06, -0.999609, -0.028005, 0.0, 0.0, 0.0, 0.0, 1.0],
                [1.0, -1e-06, 0.0, -0.0, -0.0, 0.176206, 0.984353, 0.374726, -1e-06, -0.984355, 0.176205, -0.0, 0.0, 0.0, 0.0, 1.0],
                [1.0, -1e-06, 1e-06, -0.0, -0.0, 0.3352, 0.942147, 0.374726, -1e-06, -0.942148, 0.335198, -0.0, 0.0, 0.0, 0.0, 1.0],
                [1.0, -1e-06, 1e-06, -0.0, -0.0, 0.445353, 0.895356, 0.374726, -1e-06, -0.895357, 0.44535, -0.0, 0.0, 0.0, 0.0, 1.0],
                [1.0, -1e-06, 1e-06, -0.0, -0.0, 0.523231, 0.852191, 0.374726, -1e-06, -0.852192, 0.523228, -0.0, 0.0, 0.0, 0.0, 1.0],
                [1.0, -0.0, 1e-06, -0.0, -0.0, 0.582739, 0.81266, 0.374726, -1e-06, -0.812661, 0.582736, 0.0, 0.0, 0.0, 0.0, 1.0],
                [1.0, -1e-06, 1e-06, -0.0, -0.0, 0.633118, 0.774056, 0.374726, -1e-06, -0.774058, 0.633114, 0.0, 0.0, 0.0, 0.0, 1.0],
                [1.0, -1e-06, 1e-06, 0.0, 0.0, 0.680624, 0.732634, 0.374726, -1e-06, -0.732635, 0.68062, -0.0, 0.0, 0.0, 0.0, 1.0],
                [1.0, -1e-06, 1e-06, 0.0, -0.0, 0.723603, 0.690219, 0.374726, -1e-06, -0.69022, 0.723599, -0.0, 0.0, 0.0, 0.0, 1.0],
                [1.000001, -0.0, 1e-06, -0.0, -0.0, 0.761971, 0.647613, 0.374726, -1e-06, -0.647614, 0.761967, -0.0, 0.0, 0.0, 0.0, 1.0],
                [1.0, -0.0, 1e-06, -0.0, -0.0, 0.795708, 0.605683, 0.374726, -1e-06, -0.605684, 0.795703, 0.0, 0.0, 0.0, 0.0, 1.0],
                [1.0, -0.0, 1e-06, 0.0, -0.0, 0.824866, 0.56533, 0.374726, -1e-06, -0.565331, 0.824862, -0.0, 0.0, 0.0, 0.0, 1.0],
                [1.0, -0.0, 1e-06, -0.0, -0.0, 0.849562, 0.527493, 0.374726, -1e-06, -0.527494, 0.849557, -0.0, 0.0, 0.0, 0.0, 1.0],
                [1.0, -0.0, 1e-06, 0.0, -0.0, 0.869962, 0.493122, 0.374726, -1e-06, -0.493123, 0.869957, -0.0, 0.0, 0.0, 0.0, 1.0],
                [1.0, -0.0, 1e-06, 0.0, -0.0, 0.886282, 0.463152, 0.374726, -1e-06, -0.463152, 0.886276, -0.0, 0.0, 0.0, 0.0, 1.0],
                [1.0, -0.0, 1e-06, -0.0, -0.0, 0.898778, 0.438408, 0.374726, -1e-06, -0.438409, 0.898773, 0.0, 0.0, 0.0, 0.0, 1.0],
                [1.0, -0.0, 1e-06, 0.0, 0.0, 0.907749, 0.419519, 0.374726, -1e-06, -0.419519, 0.907743, -0.0, 0.0, 0.0, 0.0, 1.0],
                [1.0, -0.0, 1e-06, 0.0, -0.0, 0.913522, 0.406796, 0.374726, -1e-06, -0.406797, 0.913516, -0.0, 0.0, 0.0, 0.0, 1.0],
                [1.0, -0.0, 1e-06, -0.0, -0.0, 0.916464, 0.400123, 0.374726, -1e-06, -0.400124, 0.916458, 0.0, 0.0, 0.0, 0.0, 1.0],
                [1.0, -0.0, 1e-06, 0.0, -0.0, 0.916953, 0.399001, 0.374726, -1e-06, -0.399003, 0.916947, -0.0, 0.0, 0.0, 0.0, 1.0],
                [1.0, -0.0, 1e-06, 0.0, -0.0, 0.915408, 0.402533, 0.374726, -1e-06, -0.402534, 0.915402, -0.0, 0.0, 0.0, 0.0, 1.0],
                [1.0, -0.0, 1e-06, -0.0, -0.0, 0.912254, 0.409631, 0.374726, -1e-06, -0.409632, 0.912248, 0.0, 0.0, 0.0, 0.0, 1.0],
                [1.0, -0.0, 1e-06, -0.0, -0.0, 0.907963, 0.419055, 0.374726, -1e-06, -0.419055, 0.907958, 0.0, 0.0, 0.0, 0.0, 1.0],
                [1.0, -0.0, 1e-06, -0.0, -0.0, 0.903009, 0.429625, 0.374726, -1e-06, -0.429626, 0.903004, 0.0, 0.0, 0.0, 0.0, 1.0],
                [1.0, -0.0, 1e-06, -0.0, -0.0, 0.897885, 0.440234, 0.374726, -1e-06, -0.440235, 0.89788, 0.0, 0.0, 0.0, 0.0, 1.0],
                [1.0, -0.0, 1e-06, -0.0, -0.0, 0.89313, 0.449803, 0.374726, -1e-06, -0.449804, 0.893125, 0.0, 0.0, 0.0, 0.0, 1.0],
                [1.0, -0.0, 1e-06, -0.0, -0.0, 0.889289, 0.457351, 0.374726, -1e-06, -0.457351, 0.889283, 0.0, 0.0, 0.0, 0.0, 1.0],
                [1.0, -0.0, 1e-06, -0.0, -0.0, 0.885373, 0.464886, 0.374726, -1e-06, -0.464886, 0.885368, 0.0, 0.0, 0.0, 0.0, 1.0],
                [1.0, -0.0, 1e-06, 1e-06, 0.0, 0.880393, 0.474248, 0.374726, -1e-06, -0.474249, 0.880388, 0.0, 0.0, 0.0, 0.0, 1.0],
                [1.0, -0.0, 1e-06, 0.0, -0.0, 0.874864, 0.484373, 0.374726, -1e-06, -0.484373, 0.874859, 0.0, 0.0, 0.0, 0.0, 1.0],
                [1.0, -0.0, 1e-06, 0.0, -0.0, 0.869235, 0.494402, 0.374726, -1e-06, -0.494403, 0.86923, 0.0, 0.0, 0.0, 0.0, 1.0],
                [1.0, -0.0, 1e-06, -0.0, -0.0, 0.86385, 0.503752, 0.374726, -1e-06, -0.503753, 0.863845, 0.0, 0.0, 0.0, 0.0, 1.0],
                [1.0, -0.0, 1e-06, -1e-06, -0.0, 0.858942, 0.512077, 0.374726, -1e-06, -0.512078, 0.858937, 0.0, 0.0, 0.0, 0.0, 1.0],
                [1.0, -0.0, 1e-06, -0.0, -0.0, 0.854626, 0.519247, 0.374726, -1e-06, -0.519248, 0.854621, 0.0, 0.0, 0.0, 0.0, 1.0],
                [1.0, -1e-06, 1e-06, -1e-06, -0.0, 0.850892, 0.525343, 0.374726, -1e-06, -0.525344, 0.850888, 0.0, 0.0, 0.0, 0.0, 1.0],
                [1.0, -0.0, 1e-06, -0.0, 0.0, 0.847621, 0.530606, 0.374726, -1e-06, -0.530607, 0.847616, 0.0, 0.0, 0.0, 0.0, 1.0],
                [1.0, -0.0, 1e-06, 1e-06, -0.0, 0.844601, 0.535401, 0.374726, -1e-06, -0.535402, 0.844595, -0.0, 0.0, 0.0, 0.0, 1.0],
                [1.0, -0.0, 1e-06, 0.0, -0.0, 0.841799, 0.539795, 0.374726, -1e-06, -0.539796, 0.841793, -0.0, 0.0, 0.0, 0.0, 1.0],
                [1.0, -0.0, 1e-06, -0.0, -0.0, 0.839374, 0.543558, 0.374726, -1e-06, -0.543559, 0.839369, 0.0, 0.0, 0.0, 0.0, 1.0],
                [1.0, -0.0, 1e-06, -0.0, -0.0, 0.837446, 0.546524, 0.374726, -1e-06, -0.546525, 0.83744, 0.0, 0.0, 0.0, 0.0, 1.0],
                [1.0, -0.0, 1e-06, 0.0, -0.0, 0.836139, 0.548521, 0.374726, -1e-06, -0.548522, 0.836133, 0.0, 0.0, 0.0, 0.0, 1.0],
                [1.0, -0.0, 1e-06, -0.0, -0.0, 0.835641, 0.54928, 0.374726, -1e-06, -0.549281, 0.835636, 0.0, 0.0, 0.0, 0.0, 1.0]
            ]
        },
        {
            "name": "Knee_R",
            "time": [0.0, 2.0],
            "transform": [
                [1.0, 0.0, -0.0, 0.0, -0.0, 0.00567, -0.999984, 0.480263, -0.0, 0.999984, 0.00567, -0.000598, 0.0, 0.0, 0.0, 1.0],
                [1.0, 0.0, -0.0, -0.0, -0.0, 0.00567, -0.999984, 0.379618, -0.0, 0.999984, 0.00567, -2.8e-05, 0.0, 0.0, 0.0, 1.0]
            ]
        },
        {
            "name": "Thigh_L",
            "time": [0.0, 0.0333, 0.0667, 0.1, 0.1333, 0.1667, 0.2, 0.2333, 0.2667, 0.3, 0.3333, 0.3667, 0.4, 0.4333, 0.4667, 0.5, 0.5333, 0.5667, 0.6, 0.6333, 0.6667, 0.7, 0.7333, 0.7667, 0.8, 0.8333, 0.8667, 0.9, 0.9333, 0.9667, 1.0, 1.0333, 1.0667, 1.1, 1.1333, 1.1667, 1.2, 1.2333, 1.2667, 1.3, 1.3333, 1.3667, 1.4, 1.4333, 1.4667, 1.5, 1.5333, 1.5667, 1.6, 1.6333, 1.6667, 1.7, 1.7333, 1.7667, 1.8, 1.8333, 1.8667, 1.9, 1.9333, 1.9667, 2.0],
            "transform": [
                [0.613883, -0.727459, 0.306513, -0.125006, -0.093875, 0.318257, 0.943345, -0.002831, -0.783795, -0.607877, 0.127083, -1.2e-05, 0.0, 0.0, 0.0, 1.0],
                [0.700782, -0.709366, 0.075527, -0.125006, -0.087149, 0.01995, 0.995995, -0.002831, -0.708032, -0.704557, -0.04784, -1.2e-05, 0.0, 0.0, 0.0, 1.0],
                [0.706124, -0.502572, -0.498808, -0.125006, 0.037308, -0.677058, 0.734982, -0.002831, -0.707104, -0.537598, -0.459338, -1.2e-05, 0.0, 0.0, 0.0, 1.0],
                [0.601896, -0.251131, -0.758059, -0.125006, 0.099596, -0.918247, 0.383277, -0.002831, -0.792339, -0.306192, -0.527678, -1.2e-05, 0.0, 0.0, 0.0, 1.0],
                [0.536985, -0.227865, -0.812234, -0.125006, 0.077645, -0.945391, 0.316554, -0.002831, -0.840011, -0.23305, -0.489968, -1.2e-05, 0.0, 0.0, 0.0, 1.0],
                [0.579886, -0.221078, -0.784127, -0.125006, 0.036241, -0.954524, 0.295921, -0.002831, -0.813891, -0.200018, -0.545504, -1.2e-05, 0.0, 0.0, 0.0, 1.0],
                [0.637693, 0.238267, -0.732513, -0.125006, 0.036812, -0.959297, -0.279987, -0.002831, -0.76941, 0.15158, -0.620509, -1.2e-05, 0.0, 0.0, 0.0, 1.0],
                [0.711699, 0.232386, -0.662934, -0.125006, 0.037027, -0.954796, -0.294945, -0.002831, -0.701508, 0.185366, -0.688132, -1.2e-05, 0.0, 0.0, 0.0, 1.0],
                [0.800678, 0.55261, -0.231378, -0.125006, 0.006947, -0.394751, -0.918761, -0.002831, -0.599054, 0.734025, -0.319908, -1.2e-05, 0.0, 0.0, 0.0, 1.0],
                [0.870478, 0.486512, -0.074656, -0.125006, -0.017184, -0.121545, -0.992437, -0.002831, -0.491907, 0.865177, -0.097441, -1.2e-05, 0.0, 0.0, 0.0, 1.0],
                [0.916024, 0.3207, -0.240937, -0.125006, -0.027432, -0.549165, -0.835264, -0.002831, -0.400184, 0.771731, -0.49425, -1.2e-05, 0.0, 0.0, 0.0, 1.0],
                [0.944623, 0.137332, -0.298038, -0.125006, -0.034718, -0.861297, -0.506913, -0.002831, -0.326315, 0.489189, -0.808833, -1.2e-05, 0.0, 0.0, 0.0, 1.0],
                [0.961535, -0.006113, -0.274611, -0.125006, -0.049025, -0.987518, -0.149676, -0.002831, -0.270269, 0.157382, -0.949834, -1.2e-05, 0.0, 0.0, 0.0, 1.0],
                [0.969148, -0.112731, -0.219188, -0.125006, -0.070338, -0.978792, 0.192402, -0.002831, -0.236229, -0.171049, -0.956524, -1.2e-05, 0.0, 0.0, 0.0, 1.0],
                [0.969356, -0.190512, -0.155089, -0.125006, -0.094271, -0.871472, 0.481299, -0.002831, -0.226849, -0.45193, -0.862728, -1.2e-05, 0.0, 0.0, 0.0, 1.0],
                [0.964105, -0.247415, -0.096365, -0.125006, -0.114767, -0.715585, 0.689033, -0.002831, -0.239435, -0.65324, -0.718295, -1.2e-05, 0.0, 0.0, 0.0, 1.0],
                [0.957347, -0.285501, -0.044434, -0.125006, -0.1273, -0.554823, 0.822171, -0.002831, -0.259384, -0.781447, -0.567503, -1.2e-05, 0.0, 0.0, 0.0, 1.0],
                [0.949899, -0.312542, 0.002753, -0.125006, -0.135728, -0.404545, 0.90439, -0.002831, -0.281546, -0.859453, -0.426698, -1.2e-05, 0.0, 0.0, 0.0, 1.0],
                [0.941408, -0.3333, 0.051576, -0.125006, -0.145855, -0.264452, 0.953305, -0.002831, -0.304098, -0.904972, -0.297571, -1.2e-05, 0.0, 0.0, 0.0, 1.0],
                [0.925814, -0.361802, 0.109396, -0.125006, -0.165517, -0.127864, 0.977882, -0.002831, -0.339813, -0.923444, -0.178263, -1.2e-05, 0.0, 0.0, 0.0, 1.0],
                [0.868455, -0.460511, 0.183617, -0.125006, -0.201444, 0.010636, 0.979442, -0.002831, -0.452997, -0.88759, -0.083531, -1.2e-05, 0.0, 0.0, 0.0, 1.0],
                [0.751085, -0.598605, 0.278463, -0.125006, -0.241251, 0.143762, 0.959755, -0.002831, -0.614547, -0.788038, -0.036436, -1.2e-05, 0.0, 0.0, 0.0, 1.0],
                [0.575604, -0.728507, 0.371425, -0.125006, -0.275236, 0.255112, 0.92691, -0.002831, -0.770016, -0.635763, -0.053668, -1.2e-05, 0.0, 0.0, 0.0, 1.0],
                [0.378741, -0.818561, 0.431872, -0.125006, -0.298452, 0.333684, 0.894193, -0.002831, -0.876061, -0.46756, -0.117921, -1.2e-05, 0.0, 0.0, 0.0, 1.0],
                [0.216988, -0.862357, 0.457445, -0.125006, -0.309814, 0.383546, 0.870004, -0.002831, -0.925706, -0.330503, -0.183945, -1.2e-05, 0.0, 0.0, 0.0, 1.0],
                [0.138664, -0.867546, 0.477634, -0.125006, -0.310389, 0.419922, 0.852833, -0.002831, -0.940441, -0.26651, -0.211048, -1.2e-05, 0.0, 0.0, 0.0, 1.0],
                [0.115974, -0.856006, 0.503788, -0.125006, -0.305882, 0.451779, 0.838052, -0.002831, -0.944979, -0.251292, -0.209442, -1.2e-05, 0.0, 0.0, 0.0, 1.0],
                [0.095599, -0.846408, 0.523884, -0.125005, -0.300698, 0.477151, 0.825777, -0.002831, -0.948916, -0.236475, -0.208898, -1.2e-05, 0.0, 0.0, 0.0, 1.0],
                [0.077638, -0.838884, 0.538743, -0.125005, -0.295043, 0.496837, 0.816151, -0.002831, -0.952324, -0.222317, -0.208933, -1.2e-05, 0.0, 0.0, 0.0, 1.0],
                [0.062151, -0.833373, 0.549205, -0.125006, -0.289069, 0.511653, 0.809105, -0.002831, -0.955289, -0.209045, -0.209102, -1.2e-05, 0.0, 0.0, 0.0, 1.0],
                [0.049167, -0.829646, 0.556121, -0.125005, -0.282879, 0.522429, 0.804393, -0.002831, -0.957895, -0.196865, -0.209002, -1.2e-05, 0.0, 0.0, 0.0, 1.0],
                [0.038694, -0.827356, 0.560342, -0.125006, -0.27653, 0.529996, 0.801645, -0.002831, -0.960226, -0.18597, -0.208281, -1.2e-05, 0.0, 0.0, 0.0, 1.0],
                [0.030723, -0.826081, 0.562712, -0.125006, -0.270039, 0.535183, 0.800411, -0.002831, -0.962359, -0.176545, -0.206632, -1.2e-05, 0.0, 0.0, 0.0, 1.0],
                [0.025231, -0.825353, 0.564052, -0.125006, -0.263382, 0.538808, 0.800197, -0.00283, -0.964361, -0.168751, -0.203788, -1.2e-05, 0.0, 0.0, 0.0, 1.0],
                [0.022185, -0.824705, 0.565127, -0.125006, -0.256502, 0.541649, 0.800513, -0.002831, -0.966289, -0.162715, -0.199522, -1.2e-05, 0.0, 0.0, 0.0, 1.0],
                [0.021539, -0.823695, 0.566623, -0.125006, -0.249316, 0.544424, 0.800902, -0.002831, -0.968182, -0.158518, -0.193634, -1.2e-05, 0.0, 0.0, 0.0, 1.0],
                [0.023231, -0.821933, 0.569109, -0.125006, -0.241716, 0.547755, 0.80096, -0.002831, -0.970069, -0.15617, -0.185949, -1.2e-05, 0.0, 0.0, 0.0, 1.0],
                [0.027184, -0.819124, 0.572971, -0.125006, -0.23358, 0.55211, 0.800384, -0.002831, -0.971957, -0.155592, -0.176323, -1.2e-05, 0.0, 0.0, 0.0, 1.0],
                [0.033207, -0.815347, 0.578019, -0.125006, -0.224907, 0.557408, 0.799195, -0.002831, -0.973814, -0.15654, -0.164867, -1.2e-05, 0.0, 0.0, 0.0, 1.0],
                [0.041001, -0.81106, 0.583524, -0.125006, -0.21582, 0.563038, 0.797752, -0.002831, -0.975572, -0.158644, -0.151958, -1.2e-05, 0.0, 0.0, 0.0, 1.0],
                [0.050239, -0.806796, 0.58869, -0.125006, -0.206444, 0.568315, 0.796491, -0.002831, -0.977167, -0.161546, -0.138006, -1.2e-05, 0.0, 0.0, 0.0, 1.0],
                [0.060584, -0.803109, 0.592744, -0.125006, -0.196908, 0.572549, 0.795873, -0.002831, -0.978548, -0.164933, -0.123451, -1.2e-05, 0.0, 0.0, 0.0, 1.0],
                [0.071687, -0.800529, 0.594991, -0.125006, -0.18735, 0.575101, 0.796341, -0.002831, -0.979674, -0.168559, -0.108751, -1.2e-05, 0.0, 0.0, 0.0, 1.0],
                [0.0832, -0.79952, 0.594848, -0.125006, -0.177912, 0.57541, 0.798279, -0.002831, -0.980523, -0.172248, -0.09437, -1.2e-05, 0.0, 0.0, 0.0, 1.0],
                [0.09478, -0.800449, 0.591859, -0.125006, -0.168749, 0.573012, 0.801985, -0.00283, -0.981091, -0.175888, -0.080764, -1.2e-05, 0.0, 0.0, 0.0, 1.0],
                [0.1061, -0.803557, 0.585694, -0.125006, -0.16001, 0.567545, 0.807645, -0.002831, -0.981397, -0.179408, -0.06836, -1.2e-05, 0.0, 0.0, 0.0, 1.0],
                [0.120829, -0.811604, 0.571575, -0.125006, -0.154563, 0.553389, 0.818456, -0.002831, -0.980566, -0.187238, -0.058579, -1.2e-05, 0.0, 0.0, 0.0, 1.0],
                [0.14174, -0.825869, 0.545755, -0.125006, -0.15509, 0.525986, 0.836233, -0.00283, -0.977679, -0.203169, -0.053531, -1.2e-05, 0.0, 0.0, 0.0, 1.0],
                [0.167498, -0.844016, 0.509491, -0.125006, -0.161173, 0.486396, 0.858744, -0.00283, -0.972608, -0.225954, -0.054563, -1.2e-05, 0.0, 0.0, 0.0, 1.0],
                [0.197059, -0.863587, 0.464096, -0.125006, -0.172133, 0.435548, 0.883554, -0.002831, -0.965162, -0.253998, -0.062823, -1.2e-05, 0.0, 0.0, 0.0, 1.0],
                [0.229532, -0.882251, 0.411032, -0.125006, -0.187144, 0.374422, 0.908177, -0.002831, -0.955139, -0.285378, -0.079167, -1.2e-05, 0.0, 0.0, 0.0, 1.0],
                [0.264054, -0.897996, 0.351962, -0.125006, -0.205358, 0.304202, 0.930209, -0.002831, -0.942392, -0.317903, -0.104085, -1.2e-05, 0.0, 0.0, 0.0, 1.0],
                [0.299715, -0.909284, 0.288742, -0.125006, -0.225996, 0.226373, 0.94746, -0.00283, -0.926874, -0.349223, -0.137647, -1.2e-05, 0.0, 0.0, 0.0, 1.0],
                [0.335528, -0.915163, 0.223374, -0.125006, -0.248446, 0.142758, 0.958068, -0.002831, -0.908677, -0.376955, -0.17947, -1.2e-05, 0.0, 0.0, 0.0, 1.0],
                [0.370435, -0.915335, 0.157918, -0.125007, -0.272338, 0.055512, 0.960598, -0.00283, -0.888036, -0.398846, -0.228718, -1.2e-05, 0.0, 0.0, 0.0, 1.0],
                [0.403189, -0.910238, 0.094358, -0.125007, -0.297509, -0.032872, 0.954152, -0.002831, -0.865405, -0.412776, -0.284058, -1.2e-05, 0.0, 0.0, 0.0, 1.0],
                [0.432106, -0.901144, 0.034968, -0.125006, -0.322419, -0.118158, 0.939193, -0.002831, -0.842217, -0.417105, -0.341603, -1.2e-05, 0.0, 0.0, 0.0, 1.0],
                [0.456417, -0.889607, -0.016748, -0.125006, -0.344536, -0.194058, 0.918497, -0.002831, -0.820352, -0.413447, -0.395074, -1.2e-05, 0.0, 0.0, 0.0, 1.0],
