{
    "animation": [
        {
            "name": "Root",
            "time": [0.0, 0.0167, 0.0333, 0.05, 0.0667, 0.0833, 0.1, 0.1167, 0.1333, 0.15, 0.1667, 0.1833, 0.2, 0.2167, 0.2333, 0.25, 0.2667, 0.2833, 0.3, 0.3167, 0.3333, 0.35, 0.3667, 0.3833, 0.4, 0.4167, 0.4333, 0.45, 0.4667, 0.4833, 0.5, 0.5167, 0.5333, 0.55, 0.5667, 0.5833, 0.6, 0.6167, 0.6333, 0.65, 0.6667, 0.6833, 0.7, 0.7167, 0.7333, 0.75, 0.7667, 0.7833, 0.8, 0.8167, 0.8333, 0.85, 0.8667, 0.8833, 0.9, 0.9167, 0.9333, 0.95, 0.9667, 0.9833, 1.0, 1.0167, 1.0333, 1.05, 1.0667, 1.0833, 1.1, 1.1167, 1.1333, 1.15, 1.1667, 1.1833, 1.2, 1.2167, 1.2333, 1.25, 1.2667, 1.2833, 1.3, 1.3167, 1.3333],
            "transform": [
                [1.0, 0.0, 0.0, -5e-06, 0.0, 0.0, -1.0, 0.000946, 0.0, 1.0, 0.0, 0.734861, 0.0, 0.0, 0.0, 1.0],
                [1.0, 0.0, 0.0, -5e-06, 0.0, 0.0, -1.0, 0.000946, 0.0, 1.0, 0.0, 0.734841, 0.0, 0.0, 0.0, 1.0],
                [1.0, 0.0, 0.0, -5e-06, 0.0, 0.0, -1.0, 0.000946, 0.0, 1.0, 0.0, 0.734784, 0.0, 0.0, 0.0, 1.0],
                [1.0, 0.0, 0.0, -5e-06, 0.0, 0.0, -1.0, 0.000946, 0.0, 1.0, 0.0, 0.734692, 0.0, 0.0, 0.0, 1.0],
                [1.0, 0.0, 0.0, -5e-06, 0.0, 0.0, -1.0, 0.000946, 0.0, 1.0, 0.0, 0.734566, 0.0, 0.0, 0.0, 1.0],
                [1.0, 0.0, 0.0, -5e-06, 0.0, 0.0, -1.0, 0.000946, 0.0, 1.0, 0.0, 0.734409, 0.0, 0.0, 0.0, 1.0],
                [1.0, 0.0, 0.0, -5e-06, 0.0, 0.0, -1.0, 0.000946, 0.0, 1.0, 0.0, 0.734222, 0.0, 0.0, 0.0, 1.0],
                [1.0, 0.0, 0.0, -5e-06, 0.0, 0.0, -1.0, 0.000946, 0.0, 1.0, 0.0, 0.734007, 0.0, 0.0, 0.0, 1.0],
                [1.0, 0.0, 0.0, -5e-06, 0.0, 0.0, -1.0, 0.000946, 0.0, 1.0, 0.0, 0.733767, 0.0, 0.0, 0.0, 1.0],
                [1.0, 0.0, 0.0, -5e-06, 0.0, 0.0, -1.0, 0.000946, 0.0, 1.0, 0.0, 0.733503, 0.0, 0.0, 0.0, 1.0],
                [1.0, 0.0, 0.0, -5e-06, 0.0, 0.0, -1.0, 0.000946, 0.0, 1.0, 0.0, 0.733217, 0.0, 0.0, 0.0, 1.0],
                [1.0, 0.0, 0.0, -5e-06, 0.0, 0.0, -1.0, 0.000946, 0.0, 1.0, 0.0, 0.732912, 0.0, 0.0, 0.0, 1.0],
                [1.0, 0.0, 0.0, -5e-06, 0.0, 0.0, -1.0, 0.000946, 0.0, 1.0, 0.0, 0.732589, 0.0, 0.0, 0.0, 1.0],
                [1.0, 0.0, 0.0, -5e-06, 0.0, 0.0, -1.0, 0.000946, 0.0, 1.0, 0.0, 0.73225, 0.0, 0.0, 0.0, 1.0],
                [1.0, 0.0, 0.0, -5e-06, 0.0, 0.0, -1.0, 0.000946, 0.0, 1.0, 0.0, 0.731898, 0.0, 0.0, 0.0, 1.0],
                [1.0, 0.0, 0.0, -5e-06, 0.0, 0.0, -1.0, 0.000946, 0.0, 1.0, 0.0, 0.731533, 0.0, 0.0, 0.0, 1.0],
                [1.0, 0.0, 0.0, -5e-06, 0.0, 0.0, -1.0, 0.000946, 0.0, 1.0, 0.0, 0.731159, 0.0, 0.0, 0.0, 1.0],
                [1.0, 0.0, 0.0, -5e-06, 0.0, 0.0, -1.0, 0.000946, 0.0, 1.0, 0.0, 0.730777, 0.0, 0.0, 0.0, 1.0],
                [1.0, 0.0, 0.0, -5e-06, 0.0, 0.0, -1.0, 0.000946, 0.0, 1.0, 0.0, 0.730389, 0.0, 0.0, 0.0, 1.0],
                [1.0, 0.0, 0.0, -5e-06, 0.0, 0.0, -1.0, 0.000946, 0.0, 1.0, 0.0, 0.729996, 0.0, 0.0, 0.0, 1.0],
                [1.0, 0.0, 0.0, -5e-06, 0.0, 0.0, -1.0, 0.000946, 0.0, 1.0, 0.0, 0.729602, 0.0, 0.0, 0.0, 1.0],
                [1.0, 0.0, 0.0, -5e-06, 0.0, 0.0, -1.0, 0.000946, 0.0, 1.0, 0.0, 0.729208, 0.0, 0.0, 0.0, 1.0],
                [1.0, 0.0, 0.0, -5e-06, 0.0, 0.0, -1.0, 0.000946, 0.0, 1.0, 0.0, 0.728816, 0.0, 0.0, 0.0, 1.0],
                [1.0, 0.0, 0.0, -5e-06, 0.0, 0.0, -1.0, 0.000946, 0.0, 1.0, 0.0, 0.728428, 0.0, 0.0, 0.0, 1.0],
                [1.0, 0.0, 0.0, -5e-06, 0.0, 0.0, -1.0, 0.000946, 0.0, 1.0, 0.0, 0.728046, 0.0, 0.0, 0.0, 1.0],
                [1.0, 0.0, 0.0, -5e-06, 0.0, 0.0, -1.0, 0.000946, 0.0, 1.0, 0.0, 0.727672, 0.0, 0.0, 0.0, 1.0],
                [1.0, 0.0, 0.0, -5e-06, 0.0, 0.0, -1.0, 0.000946, 0.0, 1.0, 0.0, 0.727307, 0.0, 0.0, 0.0, 1.0],
                [1.0, 0.0, 0.0, -5e-06, 0.0, 0.0, -1.0, 0.000946, 0.0, 1.0, 0.0, 0.726955, 0.0, 0.0, 0.0, 1.0],
                [1.0, 0.0, 0.0, -5e-06, 0.0, 0.0, -1.0, 0.000946, 0.0, 1.0, 0.0, 0.726616, 0.0, 0.0, 0.0, 1.0],
                [1.0, 0.0, 0.0, -5e-06, 0.0, 0.0, -1.0, 0.000946, 0.0, 1.0, 0.0, 0.726293, 0.0, 0.0, 0.0, 1.0],
                [1.0, 0.0, 0.0, -5e-06, 0.0, 0.0, -1.0, 0.000946, 0.0, 1.0, 0.0, 0.725987, 0.0, 0.0, 0.0, 1.0],
                [1.0, 0.0, 0.0, -5e-06, 0.0, 0.0, -1.0, 0.000946, 0.0, 1.0, 0.0, 0.725702, 0.0, 0.0, 0.0, 1.0],
                [1.0, 0.0, 0.0, -5e-06, 0.0, 0.0, -1.0, 0.000946, 0.0, 1.0, 0.0, 0.725438, 0.0, 0.0, 0.0, 1.0],
                [1.0, 0.0, 0.0, -5e-06, 0.0, 0.0, -1.0, 0.000946, 0.0, 1.0, 0.0, 0.725198, 0.0, 0.0, 0.0, 1.0],
                [1.0, 0.0, 0.0, -5e-06, 0.0, 0.0, -1.0, 0.000946, 0.0, 1.0, 0.0, 0.724983, 0.0, 0.0, 0.0, 1.0],
                [1.0, 0.0, 0.0, -5e-06, 0.0, 0.0, -1.0, 0.000946, 0.0, 1.0, 0.0, 0.724796, 0.0, 0.0, 0.0, 1.0],
                [1.0, 0.0, 0.0, -5e-06, 0.0, 0.0, -1.0, 0.000946, 0.0, 1.0, 0.0, 0.724639, 0.0, 0.0, 0.0, 1.0],
                [1.0, 0.0, 0.0, -5e-06, 0.0, 0.0, -1.0, 0.000946, 0.0, 1.0, 0.0, 0.724513, 0.0, 0.0, 0.0, 1.0],
                [1.0, 0.0, 0.0, -5e-06, 0.0, 0.0, -1.0, 0.000946, 0.0, 1.0, 0.0, 0.724421, 0.0, 0.0, 0.0, 1.0],
                [1.0, 0.0, 0.0, -5e-06, 0.0, 0.0, -1.0, 0.000946, 0.0, 1.0, 0.0, 0.724364, 0.0, 0.0, 0.0, 1.0],
                [1.0, 0.0, 0.0, -5e-06, 0.0, 0.0, -1.0, 0.000946, 0.0, 1.0, 0.0, 0.724344, 0.0, 0.0, 0.0, 1.0],
                [1.0, 0.0, 0.0, -5e-06, 0.0, 0.0, -1.0, 0.000946, 0.0, 1.0, 0.0, 0.724364, 0.0, 0.0, 0.0, 1.0],
                [1.0, 0.0, 0.0, -5e-06, 0.0, 0.0, -1.0, 0.000946, 0.0, 1.0, 0.0, 0.724421, 0.0, 0.0, 0.0, 1.0],
                [1.0, 0.0, 0.0, -5e-06, 0.0, 0.0, -1.0, 0.000946, 0.0, 1.0, 0.0, 0.724513, 0.0, 0.0, 0.0, 1.0],
                [1.0, 0.0, 0.0, -5e-06, 0.0, 0.0, -1.0, 0.000946, 0.0, 1.0, 0.0, 0.724639, 0.0, 0.0, 0.0, 1.0],
                [1.0, 0.0, 0.0, -5e-06, 0.0, 0.0, -1.0, 0.000946, 0.0, 1.0, 0.0, 0.724796, 0.0, 0.0, 0.0, 1.0],
                [1.0, 0.0, 0.0, -5e-06, 0.0, 0.0, -1.0, 0.000946, 0.0, 1.0, 0.0, 0.724983, 0.0, 0.0, 0.0, 1.0],
                [1.0, 0.0, 0.0, -5e-06, 0.0, 0.0, -1.0, 0.000946, 0.0, 1.0, 0.0, 0.725198, 0.0, 0.0, 0.0, 1.0],
                [1.0, 0.0, 0.0, -5e-06, 0.0, 0.0, -1.0, 0.000946, 0.0, 1.0, 0.0, 0.725438, 0.0, 0.0, 0.0, 1.0],
                [1.0, 0.0, 0.0, -5e-06, 0.0, 0.0, -1.0, 0.000946, 0.0, 1.0, 0.0, 0.725702, 0.0, 0.0, 0.0, 1.0],
                [1.0, 0.0, 0.0, -5e-06, 0.0, 0.0, -1.0, 0.000946, 0.0, 1.0, 0.0, 0.725987, 0.0, 0.0, 0.0, 1.0],
                [1.0, 0.0, 0.0, -5e-06, 0.0, 0.0, -1.0, 0.000946, 0.0, 1.0, 0.0, 0.726293, 0.0, 0.0, 0.0, 1.0],
                [1.0, 0.0, 0.0, -5e-06, 0.0, 0.0, -1.0, 0.000946, 0.0, 1.0, 0.0, 0.726616, 0.0, 0.0, 0.0, 1.0],
                [1.0, 0.0, 0.0, -5e-06, 0.0, 0.0, -1.0, 0.000946, 0.0, 1.0, 0.0, 0.726955, 0.0, 0.0, 0.0, 1.0],
                [1.0, 0.0, 0.0, -5e-06, 0.0, 0.0, -1.0, 0.000946, 0.0, 1.0, 0.0, 0.727307, 0.0, 0.0, 0.0, 1.0],
                [1.0, 0.0, 0.0, -5e-06, 0.0, 0.0, -1.0, 0.000946, 0.0, 1.0, 0.0, 0.727672, 0.0, 0.0, 0.0, 1.0],
                [1.0, 0.0, 0.0, -5e-06, 0.0, 0.0, -1.0, 0.000946, 0.0, 1.0, 0.0, 0.728046, 0.0, 0.0, 0.0, 1.0],
                [1.0, 0.0, 0.0, -5e-06, 0.0, 0.0, -1.0, 0.000946, 0.0, 1.0, 0.0, 0.728428, 0.0, 0.0, 0.0, 1.0],
                [1.0, 0.0, 0.0, -5e-06, 0.0, 0.0, -1.0, 0.000946, 0.0, 1.0, 0.0, 0.728816, 0.0, 0.0, 0.0, 1.0],
                [1.0, 0.0, 0.0, -5e-06, 0.0, 0.0, -1.0, 0.000946, 0.0, 1.0, 0.0, 0.729208, 0.0, 0.0, 0.0, 1.0],
                [1.0, 0.0, 0.0, -5e-06, 0.0, 0.0, -1.0, 0.000946, 0.0, 1.0, 0.0, 0.729602, 0.0, 0.0, 0.0, 1.0],
                [1.0, 0.0, 0.0, -5e-06, 0.0, 0.0, -1.0, 0.000946, 0.0, 1.0, 0.0, 0.729996, 0.0, 0.0, 0.0, 1.0],
                [1.0, 0.0, 0.0, -5e-06, 0.0, 0.0, -1.0, 0.000946, 0.0, 1.0, 0.0, 0.730389, 0.0, 0.0, 0.0, 1.0],
                [1.0, 0.0, 0.0, -5e-06, 0.0, 0.0, -1.0, 0.000946, 0.0, 1.0, 0.0, 0.730777, 0.0, 0.0, 0.0, 1.0],
                [1.0, 0.0, 0.0, -5e-06, 0.0, 0.0, -1.0, 0.000946, 0.0, 1.0, 0.0, 0.731159, 0.0, 0.0, 0.0, 1.0],
                [1.0, 0.0, 0.0, -5e-06, 0.0, 0.0, -1.0, 0.000946, 0.0, 1.0, 0.0, 0.731533, 0.0, 0.0, 0.0, 1.0],
                [1.0, 0.0, 0.0, -5e-06, 0.0, 0.0, -1.0, 0.000946, 0.0, 1.0, 0.0, 0.731898, 0.0, 0.0, 0.0, 1.0],
                [1.0, 0.0, 0.0, -5e-06, 0.0, 0.0, -1.0, 0.000946, 0.0, 1.0, 0.0, 0.73225, 0.0, 0.0, 0.0, 1.0],
                [1.0, 0.0, 0.0, -5e-06, 0.0, 0.0, -1.0, 0.000946, 0.0, 1.0, 0.0, 0.732589, 0.0, 0.0, 0.0, 1.0],
                [1.0, 0.0, 0.0, -5e-06, 0.0, 0.0, -1.0, 0.000946, 0.0, 1.0, 0.0, 0.732912, 0.0, 0.0, 0.0, 1.0],
                [1.0, 0.0, 0.0, -5e-06, 0.0, 0.0, -1.0, 0.000946, 0.0, 1.0, 0.0, 0.733217, 0.0, 0.0, 0.0, 1.0],
                [1.0, 0.0, 0.0, -5e-06, 0.0, 0.0, -1.0, 0.000946, 0.0, 1.0, 0.0, 0.733503, 0.0, 0.0, 0.0, 1.0],
                [1.0, 0.0, 0.0, -5e-06, 0.0, 0.0, -1.0, 0.000946, 0.0, 1.0, 0.0, 0.733767, 0.0, 0.0, 0.0, 1.0],
                [1.0, 0.0, 0.0, -5e-06, 0.0, 0.0, -1.0, 0.000946, 0.0, 1.0, 0.0, 0.734007, 0.0, 0.0, 0.0, 1.0],
                [1.0, 0.0, 0.0, -5e-06, 0.0, 0.0, -1.0, 0.000946, 0.0, 1.0, 0.0, 0.734222, 0.0, 0.0, 0.0, 1.0],
                [1.0, 0.0, 0.0, -5e-06, 0.0, 0.0, -1.0, 0.000946, 0.0, 1.0, 0.0, 0.734409, 0.0, 0.0, 0.0, 1.0],
                [1.0, 0.0, 0.0, -5e-06, 0.0, 0.0, -1.0, 0.000946, 0.0, 1.0, 0.0, 0.734566, 0.0, 0.0, 0.0, 1.0],
                [1.0, 0.0, 0.0, -5e-06, 0.0, 0.0, -1.0, 0.000946, 0.0, 1.0, 0.0, 0.734692, 0.0, 0.0, 0.0, 1.0],
                [1.0, 0.0, 0.0, -5e-06, 0.0, 0.0, -1.0, 0.000946, 0.0, 1.0, 0.0, 0.734784, 0.0, 0.0, 0.0, 1.0],
                [1.0, 0.0, 0.0, -5e-06, 0.0, 0.0, -1.0, 0.000946, 0.0, 1.0, 0.0, 0.734841, 0.0, 0.0, 0.0, 1.0],
                [1.0, 0.0, 0.0, -5e-06, 0.0, 0.0, -1.0, 0.000946, 0.0, 1.0, 0.0, 0.734861, 0.0, 0.0, 0.0, 1.0]
            ]
        },
        {
            "name": "Thigh_R",
            "time": [0.0, 0.0167, 0.0333, 0.05, 0.0667, 0.0833, 0.1, 0.1167, 0.1333, 0.15, 0.1667, 0.1833, 0.2, 0.2167, 0.2333, 0.25, 0.2667, 0.2833, 0.3, 0.3167, 0.3333, 0.35, 0.3667, 0.3833, 0.4, 0.4167, 0.4333, 0.45, 0.4667, 0.4833, 0.5, 0.5167, 0.5333, 0.55, 0.5667, 0.5833, 0.6, 0.6167, 0.6333, 0.65, 0.6667, 0.6833, 0.7, 0.7167, 0.7333, 0.75, 0.7667, 0.7833, 0.8, 0.8167, 0.8333, 0.85, 0.8667, 0.8833, 0.9, 0.9167, 0.9333, 0.95, 0.9667, 0.9833, 1.0, 1.0167, 1.0333, 1.05, 1.0667, 1.0833, 1.1, 1.1167, 1.1333, 1.15, 1.1667, 1.1833, 1.2, 1.2167, 1.2333, 1.25, 1.2667, 1.2833, 1.3, 1.3167, 1.3333],
            "transform": [
                [0.957462, 0.171473, 0.232085, 0.124994, 0.106201, -0.957235, 0.26911, -0.002831, 0.268305, -0.233015, -0.934728, -1.2e-05, 0.0, 0.0, 0.0, 1.0],
                [0.957465, 0.171499, 0.232052, 0.124994, 0.106205, -0.957204, 0.269218, -0.002831, 0.268292, -0.233121, -0.934706, -1.2e-05, 0.0, 0.0, 0.0, 1.0],
                [0.957475, 0.171574, 0.231958, 0.124994, 0.106214, -0.957116, 0.269528, -0.002831, 0.268255, -0.233429, -0.93464, -1.2e-05, 0.0, 0.0, 0.0, 1.0],
                [0.95749, 0.171697, 0.231804, 0.124994, 0.10623, -0.956971, 0.270034, -0.002831, 0.268194, -0.23393, -0.934531, -1.2e-05, 0.0, 0.0, 0.0, 1.0],
                [0.957511, 0.171864, 0.231595, 0.124994, 0.106252, -0.956775, 0.270721, -0.002831, 0.268111, -0.23461, -0.934385, -1.2e-05, 0.0, 0.0, 0.0, 1.0],
                [0.957537, 0.172071, 0.231334, 0.124994, 0.10628, -0.956529, 0.271576, -0.002831, 0.268008, -0.235457, -0.934201, -1.2e-05, 0.0, 0.0, 0.0, 1.0],
                [0.957567, 0.172315, 0.231024, 0.124994, 0.106312, -0.956238, 0.272588, -0.002831, 0.267885, -0.23646, -0.933983, -1.2e-05, 0.0, 0.0, 0.0, 1.0],
                [0.957603, 0.172594, 0.230669, 0.124994, 0.106349, -0.955904, 0.273743, -0.002831, 0.267744, -0.237605, -0.933733, -1.2e-05, 0.0, 0.0, 0.0, 1.0],
                [0.957642, 0.172904, 0.230272, 0.124994, 0.106391, -0.95553, 0.275027, -0.002831, 0.267585, -0.238879, -0.933454, -1.2e-05, 0.0, 0.0, 0.0, 1.0],
                [0.957686, 0.173241, 0.229837, 0.124994, 0.106437, -0.955121, 0.276428, -0.002831, 0.267412, -0.240268, -0.933147, -1.2e-05, 0.0, 0.0, 0.0, 1.0],
                [0.957733, 0.173602, 0.229368, 0.124994, 0.106487, -0.954678, 0.277935, -0.002831, 0.267223, -0.241762, -0.932815, -1.2e-05, 0.0, 0.0, 0.0, 1.0],
                [0.957783, 0.173985, 0.228867, 0.124994, 0.10654, -0.954205, 0.279533, -0.002831, 0.267021, -0.243349, -0.93246, -1.2e-05, 0.0, 0.0, 0.0, 1.0],
                [0.957836, 0.174385, 0.228339, 0.124994, 0.106596, -0.953706, 0.281211, -0.002831, 0.266808, -0.245013, -0.932085, -1.2e-05, 0.0, 0.0, 0.0, 1.0],
                [0.957892, 0.174801, 0.227786, 0.124994, 0.106655, -0.953183, 0.282956, -0.002831, 0.266583, -0.246747, -0.931692, -1.2e-05, 0.0, 0.0, 0.0, 1.0],
                [0.957951, 0.175228, 0.227213, 0.124994, 0.106717, -0.952639, 0.284758, -0.002831, 0.26635, -0.248536, -0.931283, -1.2e-05, 0.0, 0.0, 0.0, 1.0],
                [0.958011, 0.175664, 0.226621, 0.124994, 0.10678, -0.952079, 0.286602, -0.002831, 0.266108, -0.250369, -0.930861, -1.2e-05, 0.0, 0.0, 0.0, 1.0],
                [0.958072, 0.176107, 0.226016, 0.124994, 0.106846, -0.951504, 0.288481, -0.002831, 0.265859, -0.252236, -0.930428, -1.2e-05, 0.0, 0.0, 0.0, 1.0],
                [0.958136, 0.176554, 0.225399, 0.124994, 0.106913, -0.950918, 0.290383, -0.002831, 0.265604, -0.254128, -0.929986, -1.2e-05, 0.0, 0.0, 0.0, 1.0],
                [0.958199, 0.177002, 0.224775, 0.124994, 0.106981, -0.950324, 0.292296, -0.002831, 0.265346, -0.256031, -0.929537, -1.2e-05, 0.0, 0.0, 0.0, 1.0],
                [0.958264, 0.177449, 0.224145, 0.124994, 0.10705, -0.949725, 0.294213, -0.002831, 0.265084, -0.257938, -0.929085, -1.2e-05, 0.0, 0.0, 0.0, 1.0],
                [0.958329, 0.177893, 0.223515, 0.124994, 0.107119, -0.949123, 0.296121, -0.002831, 0.264821, -0.259838, -0.92863, -1.2e-05, 0.0, 0.0, 0.0, 1.0],
                [0.958394, 0.178331, 0.222886, 0.124994, 0.107189, -0.948523, 0.298012, -0.002831, 0.264557, -0.261722, -0.928176, -1.2e-05, 0.0, 0.0, 0.0, 1.0],
                [0.958459, 0.178762, 0.222261, 0.124994, 0.107258, -0.947927, 0.29988, -0.002831, 0.264295, -0.263583, -0.927724, -1.2e-05, 0.0, 0.0, 0.0, 1.0],
                [0.958523, 0.179183, 0.221645, 0.124994, 0.107326, -0.947337, 0.301712, -0.002831, 0.264034, -0.265409, -0.927278, -1.2e-05, 0.0, 0.0, 0.0, 1.0],
                [0.958586, 0.179593, 0.221039, 0.124994, 0.107394, -0.946758, 0.303503, -0.002831, 0.263778, -0.267195, -0.926838, -1.2e-05, 0.0, 0.0, 0.0, 1.0],
                [0.958648, 0.17999, 0.220447, 0.124994, 0.10746, -0.946191, 0.305242, -0.002831, 0.263525, -0.26893, -0.926408, -1.2e-05, 0.0, 0.0, 0.0, 1.0],
                [0.958708, 0.180373, 0.219872, 0.124994, 0.107524, -0.945639, 0.306923, -0.002831, 0.26328, -0.270607, -0.925989, -1.2e-05, 0.0, 0.0, 0.0, 1.0],
                [0.958767, 0.180739, 0.219316, 0.124994, 0.107587, -0.945107, 0.308538, -0.002831, 0.263042, -0.27222, -0.925584, -1.2e-05, 0.0, 0.0, 0.0, 1.0],
                [0.958823, 0.181087, 0.218784, 0.124994, 0.107647, -0.944596, 0.310078, -0.002831, 0.262813, -0.273758, -0.925195, -1.2e-05, 0.0, 0.0, 0.0, 1.0],
                [0.958876, 0.181415, 0.218277, 0.124994, 0.107704, -0.944109, 0.311538, -0.002831, 0.262595, -0.275216, -0.924824, -1.2e-05, 0.0, 0.0, 0.0, 1.0],
                [0.958927, 0.181723, 0.217799, 0.124994, 0.107759, -0.943649, 0.312908, -0.002831, 0.262388, -0.276585, -0.924474, -1.2e-05, 0.0, 0.0, 0.0, 1.0],
                [0.958974, 0.182009, 0.217352, 0.124994, 0.10781, -0.94322, 0.314183, -0.002831, 0.262195, -0.27786, -0.924147, -1.2e-05, 0.0, 0.0, 0.0, 1.0],
                [0.959017, 0.18227, 0.21694, 0.124994, 0.107856, -0.942823, 0.315354, -0.002831, 0.262016, -0.279031, -0.923845, -1.2e-05, 0.0, 0.0, 0.0, 1.0],
                [0.959057, 0.182507, 0.216565, 0.124994, 0.107899, -0.942462, 0.316416, -0.002831, 0.261853, -0.280093, -0.92357, -1.2e-05, 0.0, 0.0, 0.0, 1.0],
                [0.959093, 0.182717, 0.216231, 0.124994, 0.107938, -0.94214, 0.317361, -0.002831, 0.261707, -0.281039, -0.923324, -1.2e-05, 0.0, 0.0, 0.0, 1.0],
                [0.959124, 0.182898, 0.21594, 0.124994, 0.107971, -0.94186, 0.318181, -0.002831, 0.26158, -0.281859, -0.92311, -1.2e-05, 0.0, 0.0, 0.0, 1.0],
                [0.95915, 0.183051, 0.215695, 0.124994, 0.107999, -0.941624, 0.318869, -0.002831, 0.261473, -0.282547, -0.922929, -1.2e-05, 0.0, 0.0, 0.0, 1.0],
                [0.95917, 0.183172, 0.215499, 0.124994, 0.108021, -0.941436, 0.319417, -0.002831, 0.261387, -0.283097, -0.922786, -1.2e-05, 0.0, 0.0, 0.0, 1.0],
                [0.959186, 0.183261, 0.215356, 0.124994, 0.108038, -0.941297, 0.319819, -0.002831, 0.261324, -0.283499, -0.92268, -1.2e-05, 0.0, 0.0, 0.0, 1.0],
                [0.959195, 0.183315, 0.215268, 0.124994, 0.108048, -0.941212, 0.320066, -0.002831, 0.261286, -0.283746, -0.922615, -1.2e-05, 0.0, 0.0, 0.0, 1.0],
                [0.959198, 0.183334, 0.215238, 0.124994, 0.108052, -0.941183, 0.32015, -0.002831, 0.261272, -0.28383, -0.922593, -1.2e-05, 0.0, 0.0, 0.0, 1.0],
                [0.959195, 0.183315, 0.215268, 0.124994, 0.108048, -0.941212, 0.320066, -0.002831, 0.261286, -0.283746, -0.922615, -1.2e-05, 0.0, 0.0, 0.0, 1.0],
                [0.959186, 0.183261, 0.215356, 0.124994, 0.108038, -0.941298, 0.319819, -0.002831, 0.261324, -0.283499, -0.92268, -1.2e-05, 0.0, 0.0, 0.0, 1.0],
                [0.95917, 0.183172, 0.215499, 0.124994, 0.108021, -0.941436, 0.319417, -0.002831, 0.261387, -0.283096, -0.922786, -1.2e-05, 0.0, 0.0, 0.0, 1.0],
                [0.95915, 0.183051, 0.215695, 0.124994, 0.107999, -0.941624, 0.318869, -0.002831, 0.261473, -0.282548, -0.922929, -1.2e-05, 0.0, 0.0, 0.0, 1.0],
                [0.959123, 0.182898, 0.21594, 0.124994, 0.107971, -0.94186, 0.318181, -0.002831, 0.26158, -0.281859, -0.92311, -1.2e-05, 0.0, 0.0, 0.0, 1.0],
                [0.959093, 0.182717, 0.216231, 0.124994, 0.107938, -0.94214, 0.317361, -0.002831, 0.261707, -0.281039, -0.923324, -1.2e-05, 0.0, 0.0, 0.0, 1.0],
                [0.959057, 0.182507, 0.216565, 0.124994, 0.107899, -0.942463, 0.316416, -0.002831, 0.261853, -0.280093, -0.92357, -1.2e-05, 0.0, 0.0, 0.0, 1.0],
                [0.959017, 0.18227, 0.21694, 0.124994, 0.107856, -0.942823, 0.315354, -0.002831, 0.262016, -0.279031, -0.923845, -1.2e-05, 0.0, 0.0, 0.0, 1.0],
                [0.958974, 0.182009, 0.217352, 0.124994, 0.10781, -0.94322, 0.314183, -0.002831, 0.262195, -0.27786, -0.924147, -1.2e-05, 0.0, 0.0, 0.0, 1.0],
                [0.958927, 0.181723, 0.217799, 0.124994, 0.107759, -0.943649, 0.312908, -0.002831, 0.262388, -0.276585, -0.924474, -1.2e-05, 0.0, 0.0, 0.0, 1.0],
                [0.958876, 0.181415, 0.218277, 0.124994, 0.107704, -0.944109, 0.311538, -0.002831, 0.262595, -0.275216, -0.924824, -1.2e-05, 0.0, 0.0, 0.0, 1.0],
                [0.958823, 0.181087, 0.218784, 0.124994, 0.107647, -0.944596, 0.310078, -0.002831, 0.262813, -0.273758, -0.925195, -1.2e-05, 0.0, 0.0, 0.0, 1.0],
                [0.958767, 0.180739, 0.219316, 0.124994, 0.107587, -0.945107, 0.308538, -0.002831, 0.263042, -0.27222, -0.925584, -1.2e-05, 0.0, 0.0, 0.0, 1.0],
                [0.958708, 0.180373, 0.219872, 0.124994, 0.107524, -0.945639, 0.306923, -0.002831, 0.26328, -0.270607, -0.925989, -1.2e-05, 0.0, 0.0, 0.0, 1.0],
                [0.958648, 0.17999, 0.220447, 0.124994, 0.10746, -0.946191, 0.305242, -0.002831, 0.263525, -0.26893, -0.926408, -1.2e-05, 0.0, 0.0, 0.0, 1.0],
                [0.958586, 0.179593, 0.221039, 0.124994, 0.107394, -0.946758, 0.303503, -0.002831, 0.263777, -0.267195, -0.926838, -1.2e-05, 0.0, 0.0, 0.0, 1.0],
                [0.958523, 0.179183, 0.221645, 0.124994, 0.107326, -0.947337, 0.301712, -0.002831, 0.264034, -0.26541, -0.927278, -1.2e-05, 0.0, 0.0, 0.0, 1.0],
                [0.958459, 0.178762, 0.222261, 0.124994, 0.107258, -0.947927, 0.29988, -0.002831, 0.264295, -0.263583, -0.927724, -1.2e-05, 0.0, 0.0, 0.0, 1.0],
                [0.958394, 0.178331, 0.222886, 0.124994, 0.107189, -0.948523, 0.298013, -0.002831, 0.264557, -0.261723, -0.928176, -1.2e-05, 0.0, 0.0, 0.0, 1.0],
                [0.958329, 0.177893, 0.223515, 0.124994, 0.107119, -0.949124, 0.29612, -0.002831, 0.264821, -0.259838, -0.92863, -1.2e-05, 0.0, 0.0, 0.0, 1.0],
                [0.958264, 0.177449, 0.224145, 0.124994, 0.10705, -0.949725, 0.294212, -0.002831, 0.265084, -0.257938, -0.929085, -1.2e-05, 0.0, 0.0, 0.0, 1.0],
                [0.958199, 0.177002, 0.224775, 0.124994, 0.106981, -0.950324, 0.292296, -0.002831, 0.265346, -0.256031, -0.929537, -1.2e-05, 0.0, 0.0, 0.0, 1.0],
                [0.958135, 0.176554, 0.225399, 0.124994, 0.106913, -0.950918, 0.290382, -0.002831, 0.265604, -0.254127, -0.929986, -1.2e-05, 0.0, 0.0, 0.0, 1.0],
                [0.958072, 0.176107, 0.226016, 0.124994, 0.106846, -0.951504, 0.288481, -0.002831, 0.265859, -0.252236, -0.930428, -1.2e-05, 0.0, 0.0, 0.0, 1.0],
                [0.958011, 0.175665, 0.226621, 0.124994, 0.10678, -0.952079, 0.286602, -0.002831, 0.266108, -0.250369, -0.930861, -1.2e-05, 0.0, 0.0, 0.0, 1.0],
                [0.957951, 0.175228, 0.227213, 0.124994, 0.106717, -0.952639, 0.284758, -0.002831, 0.26635, -0.248536, -0.931283, -1.2e-05, 0.0, 0.0, 0.0, 1.0],
                [0.957892, 0.174801, 0.227786, 0.124994, 0.106655, -0.953183, 0.282956, -0.002831, 0.266583, -0.246747, -0.931692, -1.2e-05, 0.0, 0.0, 0.0, 1.0],
                [0.957836, 0.174385, 0.228339, 0.124994, 0.106596, -0.953706, 0.281211, -0.002831, 0.266808, -0.245013, -0.932085, -1.2e-05, 0.0, 0.0, 0.0, 1.0],
                [0.957783, 0.173985, 0.228867, 0.124994, 0.10654, -0.954205, 0.279534, -0.002831, 0.267021, -0.243349, -0.93246, -1.2e-05, 0.0, 0.0, 0.0, 1.0],
                [0.957733, 0.173602, 0.229368, 0.124994, 0.106487, -0.954678, 0.277935, -0.002831, 0.267223, -0.241762, -0.932815, -1.2e-05, 0.0, 0.0, 0.0, 1.0],
                [0.957686, 0.173241, 0.229837, 0.124994, 0.106437, -0.955121, 0.276428, -0.002831, 0.267412, -0.240268, -0.933147, -1.2e-05, 0.0, 0.0, 0.0, 1.0],
                [0.957642, 0.172904, 0.230272, 0.124994, 0.106391, -0.95553, 0.275027, -0.002831, 0.267585, -0.238878, -0.933454, -1.2e-05, 0.0, 0.0, 0.0, 1.0],
                [0.957603, 0.172594, 0.230669, 0.124994, 0.106349, -0.955904, 0.273742, -0.002831, 0.267744, -0.237605, -0.933733, -1.2e-05, 0.0, 0.0, 0.0, 1.0],
                [0.957567, 0.172315, 0.231024, 0.124994, 0.106312, -0.956238, 0.272587, -0.002831, 0.267885, -0.23646, -0.933983, -1.2e-05, 0.0, 0.0, 0.0, 1.0],
                [0.957537, 0.172071, 0.231334, 0.124994, 0.10628, -0.956529, 0.271576, -0.002831, 0.268008, -0.235457, -0.934201, -1.2e-05, 0.0, 0.0, 0.0, 1.0],
                [0.957511, 0.171863, 0.231595, 0.124994, 0.106252, -0.956775, 0.27072, -0.002831, 0.268111, -0.23461, -0.934385, -1.2e-05, 0.0, 0.0, 0.0, 1.0],
                [0.95749, 0.171697, 0.231804, 0.124994, 0.10623, -0.956971, 0.270034, -0.002831, 0.268194, -0.23393, -0.934532, -1.2e-05, 0.0, 0.0, 0.0, 1.0],
                [0.957475, 0.171574, 0.231958, 0.124994, 0.106214, -0.957116, 0.269528, -0.002831, 0.268255, -0.233429, -0.934639, -1.2e-05, 0.0, 0.0, 0.0, 1.0],
                [0.957465, 0.171499, 0.232052, 0.124994, 0.106205, -0.957204, 0.269218, -0.002831, 0.268292, -0.233121, -0.934706, -1.2e-05, 0.0, 0.0, 0.0, 1.0],
                [0.957462, 0.171472, 0.232085, 0.124994, 0.106201, -0.957235, 0.26911, -0.002831, 0.268305, -0.233015, -0.934728, -1.2e-05, 0.0, 0.0, 0.0, 1.0]
            ]
        },
        {
            "name": "Leg_R",
            "time": [0.0, 0.0167, 0.0333, 0.05, 0.0667, 0.0833, 0.1, 0.1167, 0.1333, 0.15, 0.1667, 0.1833, 0.2, 0.2167, 0.2333, 0.25, 0.2667, 0.2833, 0.3, 0.3167, 0.3333, 0.35, 0.3667, 0.3833, 0.4, 0.4167, 0.4333, 0.45, 0.4667, 0.4833, 0.5, 0.5167, 0.5333, 0.55, 0.5667, 0.5833, 0.6, 0.6167, 0.6333, 0.65, 0.6667, 0.6833, 0.7, 0.7167, 0.7333, 0.75, 0.7667, 0.7833, 0.8, 0.8167, 0.8333, 0.85, 0.8667, 0.8833, 0.9, 0.9167, 0.9333, 0.95, 0.9667, 0.9833, 1.0, 1.0167, 1.0333, 1.05, 1.0667, 1.0833, 1.1, 1.1167, 1.1333, 1.15, 1.1667, 1.1833, 1.2, 1.2167, 1.2333, 1.25, 1.2667, 1.2833, 1.3, 1.3167, 1.3333],
            "transform": [
                [1.0, -0.0, 1e-06, 0.0, -0.0, 0.907302, 0.420486, 0.374726, -1e-06, -0.420488, 0.907294, -0.0, 0.0, 0.0, 0.0, 1.0],
                [1.0, -0.0, 1e-06, 0.0, -0.0, 0.907208, 0.420689, 0.374726, -1e-06, -0.420692, 0.9072, -0.0, 0.0, 0.0, 0.0, 1.0],
                [1.0, -0.0, 1e-06, -0.0, -0.0, 0.906934, 0.421279, 0.374726, -1e-06, -0.421281, 0.906927, -0.0, 0.0, 0.0, 0.0, 1.0],
                [1.0, -0.0, 1e-06, -0.0, -0.0, 0.906488, 0.422238, 0.374726, -1e-06, -0.42224, 0.906481, 0.0, 0.0, 0.0, 0.0, 1.0],
                [1.0, -0.0, 1e-06, 0.0, -0.0, 0.905881, 0.42354, 0.374726, -1e-06, -0.423542, 0.905873, 0.0, 0.0, 0.0, 0.0, 1.0],
                [1.0, -0.0, 1e-06, 0.0, -0.0, 0.905122, 0.425159, 0.374726, -1e-06, -0.425161, 0.905114, 0.0, 0.0, 0.0, 0.0, 1.0],
                [1.0, -0.0, 1e-06, -0.0, -0.0, 0.90422, 0.427074, 0.374726, -1e-06, -0.427076, 0.904212, 0.0, 0.0, 0.0, 0.0, 1.0],
                [1.0, -0.0, 1e-06, -0.0, -0.0, 0.903185, 0.429259, 0.374726, -1e-06, -0.429261, 0.903177, 0.0, 0.0, 0.0, 0.0, 1.0],
                [1.0, -0.0, 1e-06, 0.0, -0.0, 0.902027, 0.431687, 0.374726, -1e-06, -0.431689, 0.902019, 0.0, 0.0, 0.0, 0.0, 1.0],
                [1.0, -0.0, 1e-06, 0.0, -0.0, 0.900756, 0.434333, 0.374726, -1e-06, -0.434335, 0.900748, 0.0, 0.0, 0.0, 0.0, 1.0],
                [1.0, -0.0, 1e-06, 0.0, -0.0, 0.89938, 0.437174, 0.374726, -1e-06, -0.437176, 0.899372, 0.0, 0.0, 0.0, 0.0, 1.0],
                [1.0, -0.0, 1e-06, 0.0, -0.0, 0.897909, 0.440187, 0.374726, -1e-06, -0.440189, 0.897901, 0.0, 0.0, 0.0, 0.0, 1.0],
                [1.0, -0.0, 1e-06, 0.0, -0.0, 0.896355, 0.443344, 0.374726, -1e-06, -0.443346, 0.896347, 0.0, 0.0, 0.0, 0.0, 1.0],
                [1.0, -0.0, 1e-06, 0.0, -0.0, 0.894724, 0.446625, 0.374726, -1e-06, -0.446628, 0.894717, -0.0, 0.0, 0.0, 0.0, 1.0],
                [1.0, -0.0, 1e-06, 0.0, -0.0, 0.893027, 0.450009, 0.374726, -1e-06, -0.450011, 0.89302, -0.0, 0.0, 0.0, 0.0, 1.0],
                [1.0, -0.0, 1e-06, -0.0, -0.0, 0.891276, 0.453467, 0.374726, -1e-06, -0.453469, 0.891269, 0.0, 0.0, 0.0, 0.0, 1.0],
                [1.0, -0.0, 1e-06, 0.0, -0.0, 0.889478, 0.456984, 0.374726, -1e-06, -0.456987, 0.88947, 0.0, 0.0, 0.0, 0.0, 1.0],
                [1.0, -0.0, 1e-06, -0.0, -0.0, 0.887642, 0.460541, 0.374726, -1e-06, -0.460544, 0.887634, -0.0, 0.0, 0.0, 0.0, 1.0],
                [1.0, -0.0, 1e-06, 0.0, -0.0, 0.885779, 0.464114, 0.374726, -1e-06, -0.464116, 0.885771, 0.0, 0.0, 0.0, 0.0, 1.0],
                [1.000001, -0.0, 1e-06, 0.0, -0.0, 0.883897, 0.467687, 0.374726, -1e-06, -0.46769, 0.883889, 0.0, 0.0, 0.0, 0.0, 1.0],
                [1.0, -0.0, 1e-06, 0.0, -0.0, 0.882008, 0.47124, 0.374726, -1e-06, -0.471242, 0.882001, -0.0, 0.0, 0.0, 0.0, 1.0],
                [1.0, -0.0, 1e-06, 0.0, -0.0, 0.88012, 0.474757, 0.374726, -1e-06, -0.47476, 0.880112, -0.0, 0.0, 0.0, 0.0, 1.0],
                [1.0, -0.0, 1e-06, 0.0, -0.0, 0.878241, 0.478224, 0.374726, -1e-06, -0.478226, 0.878234, -0.0, 0.0, 0.0, 0.0, 1.0],
                [1.0, -0.0, 1e-06, -0.0, -0.0, 0.876383, 0.481621, 0.374726, -1e-06, -0.481623, 0.876376, 0.0, 0.0, 0.0, 0.0, 1.0],
                [1.0, -0.0, 1e-06, 0.0, -0.0, 0.874553, 0.484936, 0.374726, -1e-06, -0.484938, 0.874546, 0.0, 0.0, 0.0, 0.0, 1.0],
                [1.0, -0.0, 1e-06, -0.0, -0.0, 0.872763, 0.488149, 0.374726, -1e-06, -0.488152, 0.872756, 0.0, 0.0, 0.0, 0.0, 1.0],
                [1.0, -0.0, 1e-06, -0.0, -0.0, 0.87102, 0.491253, 0.374726, -1e-06, -0.491255, 0.871013, -0.0, 0.0, 0.0, 0.0, 1.0],
                [1.000001, -0.0, 1e-06, -0.0, -0.0, 0.869334, 0.49423, 0.374726, -1e-06, -0.494233, 0.869327, 0.0, 0.0, 0.0, 0.0, 1.0],
                [1.0, -0.0, 1e-06, -0.0, -0.0, 0.867716, 0.497066, 0.374726, -1e-06, -0.497068, 0.867709, 0.0, 0.0, 0.0, 0.0, 1.0],
                [1.0, -0.0, 1e-06, 0.0, -0.0, 0.866173, 0.499749, 0.374726, -1e-06, -0.499752, 0.866166, -0.0, 0.0, 0.0, 0.0, 1.0],
                [1.0, -0.0, 1e-06, 0.0, -0.0, 0.864716, 0.502265, 0.374726, -1e-06, -0.502267, 0.86471, 0.0, 0.0, 0.0, 0.0, 1.0],
                [1.000001, -0.0, 1e-06, -0.0, -0.0, 0.863353, 0.504605, 0.374726, -1e-06, -0.504607, 0.863346, -0.0, 0.0, 0.0, 0.0, 1.0],
                [1.0, -0.0, 1e-06, -0.0, -0.0, 0.862095, 0.506751, 0.374726, -1e-06, -0.506754, 0.862088, 0.0, 0.0, 0.0, 0.0, 1.0],
                [1.0, -0.0, 1e-06, -0.0, -0.0, 0.86095, 0.508695, 0.374726, -1e-06, -0.508698, 0.860942, 0.0, 0.0, 0.0, 0.0, 1.0],
                [1.0, -0.0, 1e-06, -0.0, -0.0, 0.859926, 0.510423, 0.374726, -1e-06, -0.510426, 0.859918, 0.0, 0.0, 0.0, 0.0, 1.0],
                [1.0, -0.0, 1e-06, -0.0, -0.0, 0.859035, 0.511922, 0.374726, -1e-06, -0.511924, 0.859028, 0.0, 0.0, 0.0, 0.0, 1.0],
                [1.0, -0.0, 1e-06, 0.0, -0.0, 0.858285, 0.513178, 0.374726, -1e-06, -0.513181, 0.858278, 0.0, 0.0, 0.0, 0.0, 1.0],
                [1.000001, -0.0, 1e-06, 0.0, -0.0, 0.857686, 0.51418, 0.374726, -1e-06, -0.514182, 0.857678, -0.0, 0.0, 0.0, 0.0, 1.0],
                [1.0, -0.0, 1e-06, -0.0, -0.0, 0.857246, 0.514912, 0.374726, -1e-06, -0.514915, 0.857238, -0.0, 0.0, 0.0, 0.0, 1.0],
                [1.0, -0.0, 1e-06, 0.0, -0.0, 0.856975, 0.515363, 0.374726, -1e-06, -0.515365, 0.856968, 0.0, 0.0, 0.0, 0.0, 1.0],
                [1.0, -0.0, 1e-06, 0.0, -0.0, 0.856883, 0.515516, 0.374726, -1e-06, -0.515518, 0.856875, -0.0, 0.0, 0.0, 0.0, 1.0],
                [1.0, -0.0, 1e-06, 0.0, -0.0, 0.856975, 0.515363, 0.374726, -1e-06, -0.515365, 0.856968, 0.0, 0.0, 0.0, 0.0, 1.0],
                [1.0, -0.0, 1e-06, -0.0, -0.0, 0.857245, 0.514912, 0.374726, -1e-06, -0.514915, 0.857239, 0.0, 0.0, 0.0, 0.0, 1.0],
                [1.0, -0.0, 1e-06, -0.0, -0.0, 0.857686, 0.514179, 0.374726, -1e-06, -0.514181, 0.857678, 0.0, 0.0, 0.0, 0.0, 1.0],
                [1.0, -0.0, 1e-06, -0.0, -0.0, 0.858285, 0.513178, 0.374726, -1e-06, -0.513181, 0.858278, 0.0, 0.0, 0.0, 0.0, 1.0],
                [1.0, -0.0, 1e-06, -0.0, -0.0, 0.859035, 0.511921, 0.374726, -1e-06, -0.511924, 0.859028, 0.0, 0.0, 0.0, 0.0, 1.0],
                [1.0, -0.0, 1e-06, -0.0, -0.0, 0.859926, 0.510423, 0.374726, -1e-06, -0.510426, 0.859918, 0.0, 0.0, 0.0, 0.0, 1.0],
                [1.0, -0.0, 1e-06, 0.0, -0.0, 0.86095, 0.508695, 0.374726, -1e-06, -0.508697, 0.860943, 0.0, 0.0, 0.0, 0.0, 1.0],
                [1.0, -0.0, 1e-06, -0.0, -0.0, 0.862095, 0.506751, 0.374726, -1e-06, -0.506754, 0.862088, 0.0, 0.0, 0.0, 0.0, 1.0],
                [1.0, -0.0, 1e-06, -0.0, -0.0, 0.863353, 0.504605, 0.374726, -1e-06, -0.504607, 0.863346, 0.0, 0.0, 0.0, 0.0, 1.0],
                [1.000001, -0.0, 1e-06, 0.0, -0.0, 0.864716, 0.502266, 0.374726, -1e-06, -0.502268, 0.86471, 0.0, 0.0, 0.0, 0.0, 1.0],
                [1.0, -0.0, 1e-06, 0.0, -0.0, 0.866173, 0.499749, 0.374726, -1e-06, -0.499752, 0.866166, 0.0, 0.0, 0.0, 0.0, 1.0],
                [1.0, -0.0, 1e-06, -0.0, -0.0, 0.867716, 0.497065, 0.374726, -1e-06, -0.497067, 0.867709, 0.0, 0.0, 0.0, 0.0, 1.0],
                [1.000001, -0.0, 1e-06, -0.0, -0.0, 0.869334, 0.494231, 0.374726, -1e-06, -0.494233, 0.869326, 0.0, 0.0, 0.0, 0.0, 1.0],
                [1.0, -0.0, 1e-06, -0.0, -0.0, 0.87102, 0.491252, 0.374726, -1e-06, -0.491255, 0.871013, 0.0, 0.0, 0.0, 0.0, 1.0],
                [1.0, -0.0, 1e-06, -0.0, -0.0, 0.872763, 0.488149, 0.374726, -1e-06, -0.488152, 0.872756, 0.0, 0.0, 0.0, 0.0, 1.0],
                [1.0, -0.0, 1e-06, -0.0, -0.0, 0.874553, 0.484935, 0.374726, -1e-06, -0.484937, 0.874546, 0.0, 0.0, 0.0, 0.0, 1.0],
                [1.0, -0.0, 1e-06, 0.0, -0.0, 0.876382, 0.481621, 0.374726, -1e-06, -0.481624, 0.876375, 0.0, 0.0, 0.0, 0.0, 1.0],
                [1.0, -0.0, 1e-06, 0.0, -0.0, 0.878241, 0.478225, 0.374726, -1e-06, -0.478227, 0.878233, 0.0, 0.0, 0.0, 0.0, 1.0],
                [1.0, -0.0, 1e-06, 0.0, -0.0, 0.88012, 0.474758, 0.374726, -1e-06, -0.474761, 0.880112, -0.0, 0.0, 0.0, 0.0, 1.0],
                [1.0, -0.0, 1e-06, 0.0, -0.0, 0.882008, 0.47124, 0.374726, -1e-06, -0.471242, 0.882001, 0.0, 0.0, 0.0, 0.0, 1.0],
                [1.0, -0.0, 1e-06, 0.0, -0.0, 0.883897, 0.467687, 0.374726, -1e-06, -0.467689, 0.88389, 0.0, 0.0, 0.0, 0.0, 1.0],
                [1.0, -0.0, 1e-06, 0.0, -0.0, 0.885779, 0.464113, 0.374726, -1e-06, -0.464116, 0.885771, 0.0, 0.0, 0.0, 0.0, 1.0],
                [1.0, -0.0, 1e-06, -0.0, -0.0, 0.887642, 0.46054, 0.374726, -1e-06, -0.460542, 0.887635, -0.0, 0.0, 0.0, 0.0, 1.0],
                [1.0, -0.0, 1e-06, -0.0, -0.0, 0.889478, 0.456984, 0.374726, -1e-06, -0.456986, 0.88947, 0.0, 0.0, 0.0, 0.0, 1.0],
                [1.0, -0.0, 1e-06, 0.0, -0.0, 0.891276, 0.453467, 0.374726, -1e-06, -0.453469, 0.891269, -0.0, 0.0, 0.0, 0.0, 1.0],
                [1.0, -0.0, 1e-06, 0.0, -0.0, 0.893027, 0.450009, 0.374726, -1e-06, -0.450011, 0.89302, -0.0, 0.0, 0.0, 0.0, 1.0],
                [1.0, -0.0, 1e-06, -0.0, -0.0, 0.894724, 0.446626, 0.374726, -1e-06, -0.446628, 0.894716, -0.0, 0.0, 0.0, 0.0, 1.0],
                [1.0, -0.0, 1e-06, 0.0, -0.0, 0.896355, 0.443344, 0.374726, -1e-06, -0.443346, 0.896347, -0.0, 0.0, 0.0, 0.0, 1.0],
                [1.0, -0.0, 1e-06, -0.0, -0.0, 0.897909, 0.440187, 0.374726, -1e-06, -0.44019, 0.897901, 0.0, 0.0, 0.0, 0.0, 1.0],
                [1.0, -0.0, 1e-06, -0.0, -0.0, 0.89938, 0.437175, 0.374726, -1e-06, -0.437177, 0.899372, 0.0, 0.0, 0.0, 0.0, 1.0],
                [1.0, -0.0, 1e-06, -0.0, -0.0, 0.900755, 0.434333, 0.374726, -1e-06, -0.434335, 0.900748, 0.0, 0.0, 0.0, 0.0, 1.0],
                [1.0, -0.0, 1e-06, 0.0, -0.0, 0.902027, 0.431686, 0.374726, -1e-06, -0.431689, 0.902019, 0.0, 0.0, 0.0, 0.0, 1.0],
                [1.0, -0.0, 1e-06, 0.0, -0.0, 0.903185, 0.429258, 0.374726, -1e-06, -0.429261, 0.903177, -0.0, 0.0, 0.0, 0.0, 1.0],
                [1.0, -0.0, 1e-06, -0.0, -0.0, 0.90422, 0.427073, 0.374726, -1e-06, -0.427076, 0.904212, -0.0, 0.0, 0.0, 0.0, 1.0],
                [1.0, -0.0, 1e-06, 0.0, -0.0, 0.905122, 0.425159, 0.374726, -1e-06, -0.425161, 0.905114, 0.0, 0.0, 0.0, 0.0, 1.0],
                [1.0, -0.0, 1e-06, 0.0, -0.0, 0.905881, 0.423538, 0.374726, -1e-06, -0.42354, 0.905874, 0.0, 0.0, 0.0, 0.0, 1.0],
                [1.0, -0.0, 1e-06, 0.0, -0.0, 0.906488, 0.422237, 0.374726, -1e-06, -0.42224, 0.906481, 0.0, 0.0, 0.0, 0.0, 1.0],
                [1.0, -0.0, 1e-06, -0.0, -0.0, 0.906934, 0.421279, 0.374726, -1e-06, -0.421282, 0.906927, 0.0, 0.0, 0.0, 0.0, 1.0],
                [1.0, -0.0, 1e-06, -0.0, -0.0, 0.907208, 0.42069, 0.374726, -1e-06, -0.420693, 0.907199, -0.0, 0.0, 0.0, 0.0, 1.0],
                [1.0, -0.0, 1e-06, -0.0, -0.0, 0.907302, 0.420486, 0.374726, -1e-06, -0.420488, 0.907295, -0.0, 0.0, 0.0, 0.0, 1.0]
            ]
        },
        {
            "name": "Knee_R",
            "time": [0.0, 1.3333],
            "transform": [
                [1.0, 0.0, -0.0, -0.0, -0.0, 0.00567, -0.999984, 0.374726, -0.0, 0.999984, 0.00567, -0.0, 0.0, 0.0, 0.0, 1.0],
                [1.0, 0.0, -0.0, 0.0, -0.0, 0.00567, -0.999984, 0.374726, -0.0, 0.999984, 0.00567, 0.0, 0.0, 0.0, 0.0, 1.0]
            ]
        },
        {
            "name": "Thigh_L",
            "time": [0.0, 0.0167, 0.0333, 0.05, 0.0667, 0.0833, 0.1, 0.1167, 0.1333, 0.15, 0.1667, 0.1833, 0.2, 0.2167, 0.2333, 0.25, 0.2667, 0.2833, 0.3, 0.3167, 0.3333, 0.35, 0.3667, 0.3833, 0.4, 0.4167, 0.4333, 0.45, 0.4667, 0.4833, 0.5, 0.5167, 0.5333, 0.55, 0.5667, 0.5833, 0.6, 0.6167, 0.6333, 0.65, 0.6667, 0.6833, 0.7, 0.7167, 0.7333, 0.75, 0.7667, 0.7833, 0.8, 0.8167, 0.8333, 0.85, 0.8667, 0.8833, 0.9, 0.9167, 0.9333, 0.95, 0.9667, 0.9833, 1.0, 1.0167, 1.0333, 1.05, 1.0667, 1.0833, 1.1, 1.1167, 1.1333, 1.15, 1.1667, 1.1833, 1.2, 1.2167, 1.2333, 1.25, 1.2667, 1.2833, 1.3, 1.3167, 1.3333],
            "transform": [
                [0.947098, -0.13467, -0.291322, -0.125006, -0.053115, -0.960959, 0.271545, -0.002831, -0.316518, -0.241706, -0.917276, -1.2e-05, 0.0, 0.0, 0.0, 1.0],
                [0.9471, -0.134702, -0.291301, -0.125006, -0.053117, -0.960929, 0.271649, -0.002831, -0.316511, -0.241806, -0.917252, -1.2e-05, 0.0, 0.0, 0.0, 1.0],
                [0.947106, -0.134793, -0.29124, -0.125006, -0.053122, -0.960843, 0.271952, -0.002831, -0.316493, -0.242096, -0.917181, -1.2e-05, 0.0, 0.0, 0.0, 1.0],
                [0.947115, -0.134942, -0.29114, -0.125006, -0.05313, -0.960703, 0.272444, -0.002831, -0.316463, -0.242568, -0.917067, -1.2e-05, 0.0, 0.0, 0.0, 1.0],
                [0.947128, -0.135143, -0.291004, -0.125006, -0.05314, -0.960513, 0.273111, -0.002831, -0.316423, -0.243208, -0.916911, -1.2e-05, 0.0, 0.0, 0.0, 1.0],
                [0.947145, -0.135395, -0.290835, -0.125006, -0.053153, -0.960276, 0.273943, -0.002831, -0.316372, -0.244005, -0.916717, -1.2e-05, 0.0, 0.0, 0.0, 1.0],
                [0.947164, -0.135692, -0.290634, -0.125006, -0.053169, -0.959993, 0.274927, -0.002831, -0.316312, -0.244949, -0.916486, -1.2e-05, 0.0, 0.0, 0.0, 1.0],
                [0.947186, -0.136031, -0.290403, -0.125006, -0.053187, -0.95967, 0.276052, -0.002831, -0.316242, -0.246027, -0.916221, -1.2e-05, 0.0, 0.0, 0.0, 1.0],
                [0.947211, -0.136408, -0.290145, -0.125006, -0.053207, -0.959308, 0.277304, -0.002831, -0.316165, -0.247227, -0.915925, -1.2e-05, 0.0, 0.0, 0.0, 1.0],
                [0.947238, -0.136819, -0.289863, -0.125006, -0.05323, -0.95891, 0.27867, -0.002831, -0.31608, -0.248538, -0.9156, -1.2e-05, 0.0, 0.0, 0.0, 1.0],
                [0.947267, -0.137261, -0.289557, -0.125006, -0.053254, -0.958481, 0.280139, -0.002831, -0.315987, -0.249947, -0.915248, -1.2e-05, 0.0, 0.0, 0.0, 1.0],
                [0.947299, -0.13773, -0.289231, -0.125006, -0.05328, -0.958022, 0.2817, -0.002831, -0.315888, -0.251444, -0.914872, -1.2e-05, 0.0, 0.0, 0.0, 1.0],
                [0.947332, -0.138221, -0.288887, -0.125006, -0.053307, -0.957537, 0.283338, -0.002831, -0.315784, -0.253015, -0.914475, -1.2e-05, 0.0, 0.0, 0.0, 1.0],
                [0.947367, -0.138733, -0.288527, -0.125006, -0.053336, -0.957029, 0.285043, -0.002831, -0.315674, -0.254652, -0.914058, -1.2e-05, 0.0, 0.0, 0.0, 1.0],
                [0.947404, -0.13926, -0.288153, -0.125006, -0.053366, -0.956501, 0.286805, -0.002831, -0.315559, -0.256343, -0.913625, -1.2e-05, 0.0, 0.0, 0.0, 1.0],
                [0.947442, -0.1398, -0.287767, -0.125006, -0.053396, -0.955956, 0.288611, -0.002831, -0.315441, -0.258076, -0.913178, -1.2e-05, 0.0, 0.0, 0.0, 1.0],
                [0.94748, -0.14035, -0.287372, -0.125006, -0.053428, -0.955397, 0.290451, -0.002831, -0.315319, -0.259843, -0.912719, -1.2e-05, 0.0, 0.0, 0.0, 1.0],
                [0.94752, -0.140906, -0.286969, -0.125006, -0.053461, -0.954826, 0.292315, -0.002831, -0.315194, -0.261633, -0.91225, -1.2e-05, 0.0, 0.0, 0.0, 1.0],
                [0.94756, -0.141465, -0.286561, -0.125006, -0.053494, -0.954248, 0.294192, -0.002831, -0.315068, -0.263435, -0.911775, -1.2e-05, 0.0, 0.0, 0.0, 1.0],
                [0.947601, -0.142024, -0.286149, -0.125006, -0.053527, -0.953664, 0.296072, -0.002831, -0.314939, -0.265242, -0.911296, -1.2e-05, 0.0, 0.0, 0.0, 1.0],
                [0.947642, -0.142581, -0.285736, -0.125006, -0.053561, -0.953078, 0.297947, -0.002831, -0.314811, -0.267043, -0.910814, -1.2e-05, 0.0, 0.0, 0.0, 1.0],
                [0.947683, -0.143133, -0.285324, -0.125006, -0.053595, -0.952493, 0.299807, -0.002831, -0.314682, -0.26883, -0.910333, -1.2e-05, 0.0, 0.0, 0.0, 1.0],
                [0.947724, -0.143676, -0.284915, -0.125006, -0.053628, -0.951911, 0.301643, -0.002831, -0.314553, -0.270595, -0.909854, -1.2e-05, 0.0, 0.0, 0.0, 1.0],
                [0.947764, -0.14421, -0.284511, -0.125006, -0.053661, -0.951336, 0.303447, -0.002831, -0.314425, -0.272329, -0.909381, -1.2e-05, 0.0, 0.0, 0.0, 1.0],
