{
    "armature": {
        "joints": ["Root", "Thigh_R", "Leg_R", "Knee_R", "Thigh_L", "Leg_L", "Knee_L", "Torso", "Chest", "Head", "Shoulder_R", "Arm_R", "Hand_R", "Tool_R", "Elbow_R", "Shoulder_L", "Arm_L", "Hand_L", "Tool_L", "Elbow_L"],
        "hierarchy": [
            {
                "name": "Root",
                "transform": [1.0, 0.0, 0.0, -5e-06, 0.0, 0.0, -1.0, 0.000946, 0.0, 1.0, 0.0, 0.763972, 0.0, 0.0, 0.0, 1.0],
                "children": [
                    {
                        "name": "Thigh_R",
                        "transform": [1.0, -1e-06, -0.0, 0.124994, -1e-06, -1.0, 1e-06, -0.002831, -0.0, -1e-06, -1.0, -1.2e-05, 0.0, 0.0, 0.0, 1.0],
                        "children": [
                            {
                                "name": "Leg_R",
                                "transform": [1.0, 1e-06, 1e-06, -0.0, -1e-06, 1.0, 1e-06, 0.37472, -1e-06, -1e-06, 1.0, -0.0, 0.0, 0.0, 0.0, 1.0],
                                "children": []
                            },
                            {
                                "name": "Knee_R",
                                "transform": [1.0, 0.0, -1e-06, -0.0, -1e-06, 1e-06, -1.0, 0.37472, -0.0, 1.0, 1e-06, -0.0, 0.0, 0.0, 0.0, 1.0],
                                "children": []
                            }
                        ]
                    },
                    {
                        "name": "Thigh_L",
                        "transform": [1.0, -1e-06, -0.0, -0.125006, -1e-06, -1.0, 1e-06, -0.002831, -0.0, -1e-06, -1.0, -1.2e-05, 0.0, 0.0, 0.0, 1.0],
                        "children": [
                            {
                                "name": "Leg_L",
                                "transform": [1.0, 1e-06, 1e-06, 0.0, -1e-06, 1.0, 1e-06, 0.37472, -1e-06, -1e-06, 1.0, -0.0, 0.0, 0.0, 0.0, 1.0],
                                "children": []
                            },
                            {
                                "name": "Knee_L",
                                "transform": [1.0, 0.0, -1e-06, 0.0, -1e-06, 1e-06, -1.0, 0.37472, -0.0, 1.0, 1e-06, -0.0, 0.0, 0.0, 0.0, 1.0],
                                "children": []
                            }
                        ]
                    },
                    {
                        "name": "Torso",
                        "transform": [1.0, 0.0, 0.0, 0.0, 0.0, 1.0, 0.0, 0.05, 0.0, 0.0, 1.0, 0.0, 0.0, 0.0, 0.0, 1.0],
                        "children": [
                            {
                                "name": "Chest",
                                "transform": [1.0, 0.0, -0.0, 0.0, -0.0, 1.0, 0.0, 0.3, 0.0, -0.0, 1.0, 0.0, 0.0, 0.0, 0.0, 1.0],
                                "children": [
                                    {
                                        "name": "Head",
                                        "transform": [1.0, -0.0, 0.0, -0.0, 0.0, 1.0, -0.0, 0.4, -0.0, 0.0, 1.0, 0.0, 0.0, 0.0, 0.0, 1.0],
                                        "children": []
                                    },
                                    {
                                        "name": "Shoulder_R",
                                        "transform": [0.0, 0.952114, 0.305742, -0.0, -1e-06, -0.305742, 0.952114, 0.4, 1.0, -0.0, 1e-06, 0.0, 0.0, 0.0, 0.0, 1.0],
                                        "children": [
                                            {
                                                "name": "Arm_R",
                                                "transform": [0.0, 1e-06, -1.0, 0.0, 0.952114, 0.305742, 0.0, 0.39386, 0.305742, -0.952114, -1e-06, -0.0, 0.0, 0.0, 0.0, 1.0],
                                                "children": [
                                                    {
                                                        "name": "Hand_R",
                                                        "transform": [1.0, 0.0, 0.0, -0.0, -0.0, 0.993937, 0.109947, 0.3, -0.0, -0.109947, 0.993937, -0.0, 0.0, 0.0, 0.0, 1.0],
                                                        "children": [
                                                            {
                                                                "name": "Tool_R",
                                                                "transform": [1.0, 0.0, 0.0, 0.0, 0.0, -0.999836, 0.018122, 0.272859, 0.0, -0.018122, -0.999231, 0.0, 0.0, 0.0, 0.0, 1.0],
                                                                "children": []
                                                            }
                                                        ]
                                                    },
                                                    {
                                                        "name": "Elbow_R",
                                                        "transform": [-1.0, 0.0, -0.0, 0.0, 0.0, -0.0, -1.0, 0.3, -0.0, -1.0, 0.0, -0.0, 0.0, 0.0, 0.0, 1.0],
                                                        "children": []
                                                    }
                                                ]
                                            }
                                        ]
                                    },
                                    {
                                        "name": "Shoulder_L",
                                        "transform": [-1e-06, -0.952114, -0.305742, 0.0, 2e-06, -0.305742, 0.952114, 0.4, -1.0, 0.0, 2e-06, 0.0, 0.0, 0.0, 0.0, 1.0],
                                        "children": [
                                            {
                                                "name": "Arm_L",
                                                "transform": [-1e-06, -2e-06, 1.0, -0.0, -0.952115, 0.305742, -0.0, 0.39386, -0.305742, -0.952115, -2e-06, -0.0, 0.0, 0.0, 0.0, 1.0],
                                                "children": [
                                                    {
                                                        "name": "Hand_L",
                                                        "transform": [1.0, 0.0, 0.0, 0.0, -0.0, 0.993937, 0.109947, 0.3, -0.0, -0.109947, 0.993937, 0.0, 0.0, 0.0, 0.0, 1.0],
                                                        "children": [
                                                            {
                                                                "name": "Tool_L",
                                                                "transform": [1.0, 0.0, 0.0, -0.0, 0.0, -0.999836, 0.018122, 0.272858, 0.0, -0.018122, -0.999231, -0.0, 0.0, 0.0, 0.0, 1.0],
                                                                "children": []
                                                            }
                                                        ]
                                                    },
                                                    {
                                                        "name": "Elbow_L",
                                                        "transform": [-1.0, 0.0, -0.0, 0.0, 0.0, 0.0, -1.0, 0.3, -0.0, -1.0, 0.0, 0.0, 0.0, 0.0, 0.0, 1.0],
                                                        "children": []
                                                    }
                                                ]
                                            }
                                        ]
                                    }
                                ]
                            }
                        ]
                    }
                ]
            }
        ]
    },
    "animation": [
        {
            "name": "Root",
            "time": [0.0, 0.0417, 0.125, 0.1667, 0.25, 0.2917, 0.375, 0.4583, 0.5, 0.5417, 0.5833, 0.625, 0.6667, 0.7083, 0.75, 0.7917, 0.8333, 0.875, 0.9167, 0.9583, 1.0, 1.0417, 1.125, 1.1667, 1.25, 1.2917, 1.375, 1.4167, 1.5, 1.5417, 1.625, 1.6667, 1.75, 1.7917, 1.875, 1.9167, 2.0, 2.0417, 2.125, 2.1667, 2.25, 2.2917, 2.375, 2.4167, 2.5, 2.5417, 2.625, 2.6667, 2.75, 2.7917, 2.875, 2.9167, 3.0, 3.0417, 3.125, 3.1667, 3.25, 3.2917, 3.375, 3.4167, 3.5, 3.5417, 3.625, 3.6667, 3.75, 3.7917, 3.875, 3.9167],
            "transform": [
                [1.0, 0.0, 0.0, -2.6e-05, 0.0, 0.307319, -0.951606, -0.012047, 0.0, 0.951606, 0.307319, 0.613571, 0.0, 0.0, 0.0, 1.0],
                [1.0, 0.0, 0.0, -2.6e-05, 0.0, 0.307319, -0.951606, -0.012047, 0.0, 0.951606, 0.307319, 0.613571, 0.0, 0.0, 0.0, 1.0],
                [1.0, 0.0, 0.0, -2.6e-05, 0.0, -0.588507, -0.808492, -0.654239, 0.0, 0.808492, -0.588507, 0.747965, 0.0, 0.0, 0.0, 1.0],
                [1.0, 0.0, 0.0, -2.6e-05, 0.0, -0.964199, -0.265181, -1.271717, 0.0, 0.265181, -0.964199, 0.844897, 0.0, 0.0, 0.0, 1.0],
                [1.0, 0.0, 0.0, -2.6e-05, 0.0, -0.999568, -0.029382, -2.484523, 0.0, 0.029382, -0.999568, 0.808464, 0.0, 0.0, 0.0, 1.0],
                [1.0, 0.0, 0.0, -2.6e-05, 0.0, -0.995041, -0.099469, -2.952772, 0.0, 0.099469, -0.995041, 0.616085, 0.0, 0.0, 0.0, 1.0],
                [1.0, 0.0, 0.0, -2.6e-05, 0.0, -0.967954, -0.251129, -3.61512, 0.0, 0.251129, -0.967954, 0.194114, 0.0, 0.0, 0.0, 1.0],
                [1.0, 0.0, 0.0, -2.6e-05, 0.0, -0.966246, -0.25762, -3.947968, 0.0, 0.25762, -0.966246, 0.127782, 0.0, 0.0, 0.0, 1.0],
                [1.0, 0.0, 0.0, -2.6e-05, 0.0, -0.979026, -0.203735, -4.025439, 0.0, 0.203735, -0.979026, 0.161978, 0.0, 0.0, 0.0, 1.0],
                [1.0, 0.0, 0.0, -2.6e-05, 0.0, -0.990748, -0.135715, -4.078227, 0.0, 0.135715, -0.990748, 0.202831, 0.0, 0.0, 0.0, 1.0],
                [1.0, 0.0, 0.0, -2.6e-05, 0.0, -0.997362, -0.072586, -4.133171, 0.0, 0.072586, -0.997362, 0.237121, 0.0, 0.0, 0.0, 1.0],
                [1.0, 0.0, 0.0, -2.6e-05, 0.0, -0.99943, -0.033773, -4.217062, 0.0, 0.033773, -0.99943, 0.251627, 0.0, 0.0, 0.0, 1.0],
                [1.0, 0.0, 0.0, -2.6e-05, 0.0, -0.999851, -0.017294, -4.347725, 0.0, 0.017294, -0.999851, 0.237686, 0.0, 0.0, 0.0, 1.0],
                [1.0, 0.0, 0.0, -2.6e-05, 0.0, -0.999973, -0.007296, -4.507232, 0.0, 0.007296, -0.999973, 0.204143, 0.0, 0.0, 0.0, 1.0],
                [1.0, 0.0, 0.0, -2.6e-05, 0.0, -0.999998, -0.002162, -4.66872, 0.0, 0.002162, -0.999998, 0.164039, 0.0, 0.0, 0.0, 1.0],
                [1.0, 0.0, 0.0, -2.6e-05, 0.0, -1.0, -0.00027, -4.80533, 0.0, 0.00027, -1.0, 0.130413, 0.0, 0.0, 0.0, 1.0],
                [1.0, 0.0, 0.0, -2.6e-05, 0.0, -1.0, 0.0, -4.890203, 0.0, -0.0, -1.0, 0.116307, 0.0, 0.0, 0.0, 1.0],
                [1.0, 0.0, 0.0, -2.6e-05, 0.0, -1.0, 0.0, -4.932374, 0.0, -0.0, -1.0, 0.116307, 0.0, 0.0, 0.0, 1.0],
                [1.0, 0.0, 0.0, -2.6e-05, 0.0, -1.0, 0.0, -4.960641, 0.0, -0.0, -1.0, 0.116307, 0.0, 0.0, 0.0, 1.0],
                [1.0, 0.0, 0.0, -2.6e-05, 0.0, -1.0, 0.0, -4.977788, 0.0, -0.0, -1.0, 0.116307, 0.0, 0.0, 0.0, 1.0],
                [1.0, 0.0, 0.0, -2.6e-05, 0.0, -1.0, 0.0, -4.986594, 0.0, -0.0, -1.0, 0.116307, 0.0, 0.0, 0.0, 1.0],
                [1.0, 0.0, 0.0, -2.6e-05, 0.0, -1.0, 0.0, -4.989839, 0.0, -0.0, -1.0, 0.116307, 0.0, 0.0, 0.0, 1.0],
                [1.0, 0.0, 0.0, -2.6e-05, 0.0, -1.0, 0.0, -4.989339, 0.0, -0.0, -1.0, 0.116307, 0.0, 0.0, 0.0, 1.0],
                [1.0, 0.0, 0.0, -2.6e-05, 0.0, -1.0, 0.0, -4.987556, 0.0, -0.0, -1.0, 0.116307, 0.0, 0.0, 0.0, 1.0],
                [1.0, 0.0, 0.0, -2.6e-05, 0.0, -1.0, 0.0, -4.986613, 0.0, -0.0, -1.0, 0.116307, 0.0, 0.0, 0.0, 1.0],
                [1.0, 0.0, 0.0, -2.6e-05, 0.0, -1.0, 0.0, -4.986668, 0.0, -0.0, -1.0, 0.116307, 0.0, 0.0, 0.0, 1.0],
                [1.0, 0.0, 0.0, -2.6e-05, 0.0, -1.0, 0.0, -4.986868, 0.0, -0.0, -1.0, 0.116307, 0.0, 0.0, 0.0, 1.0],
                [1.0, 0.0, 0.0, -2.6e-05, 0.0, -1.0, 0.0, -4.98701, 0.0, -0.0, -1.0, 0.116307, 0.0, 0.0, 0.0, 1.0],
                [1.0, 0.0, 0.0, -2.6e-05, 0.0, -1.0, 0.0, -4.987358, 0.0, -0.0, -1.0, 0.116307, 0.0, 0.0, 0.0, 1.0],
                [1.0, 0.0, 0.0, -2.6e-05, 0.0, -1.0, 0.0, -4.987556, 0.0, -0.0, -1.0, 0.116307, 0.0, 0.0, 0.0, 1.0],
                [1.0, 0.0, 0.0, -2.6e-05, 0.0, -1.0, 0.0, -4.98799, 0.0, -0.0, -1.0, 0.116307, 0.0, 0.0, 0.0, 1.0],
                [1.0, 0.0, 0.0, -2.6e-05, 0.0, -1.0, 0.0, -4.988217, 0.0, -0.0, -1.0, 0.116307, 0.0, 0.0, 0.0, 1.0],
                [1.0, 0.0, 0.0, -2.6e-05, 0.0, -1.0, 0.0, -4.988679, 0.0, -0.0, -1.0, 0.116307, 0.0, 0.0, 0.0, 1.0],
                [1.0, 0.0, 0.0, -2.6e-05, 0.0, -1.0, 0.0, -4.988907, 0.0, -0.0, -1.0, 0.116307, 0.0, 0.0, 0.0, 1.0],
                [1.0, 0.0, 0.0, -2.6e-05, 0.0, -1.0, 0.0, -4.989342, 0.0, -0.0, -1.0, 0.116307, 0.0, 0.0, 0.0, 1.0],
                [1.0, 0.0, 0.0, -2.6e-05, 0.0, -1.0, 0.0, -4.989542, 0.0, -0.0, -1.0, 0.116307, 0.0, 0.0, 0.0, 1.0],
                [1.0, 0.0, 0.0, -2.6e-05, 0.0, -1.0, 0.0, -4.989888, 0.0, -0.0, -1.0, 0.116307, 0.0, 0.0, 0.0, 1.0],
                [1.0, 0.0, 0.0, -2.6e-05, 0.0, -1.0, 0.0, -4.990029, 0.0, -0.0, -1.0, 0.116307, 0.0, 0.0, 0.0, 1.0],
                [1.0, 0.0, 0.0, -2.6e-05, 0.0, -1.0, 0.0, -4.990232, 0.0, -0.0, -1.0, 0.116307, 0.0, 0.0, 0.0, 1.0],
                [1.0, 0.0, 0.0, -2.6e-05, 0.0, -1.0, 0.0, -4.990284, 0.0, -0.0, -1.0, 0.116307, 0.0, 0.0, 0.0, 1.0],
                [1.0, 0.0, 0.0, -2.6e-05, 0.0, -0.999368, -0.035536, -4.990309, 0.0, 0.035536, -0.999368, 0.115944, 0.0, 0.0, 0.0, 1.0],
                [1.0, 0.0, 0.0, -2.6e-05, 0.0, -0.991697, -0.128601, -4.990384, 0.0, 0.128601, -0.991697, 0.114993, 0.0, 0.0, 0.0, 1.0],
                [1.0, 0.0, 0.0, -2.6e-05, 0.0, -0.918366, -0.395732, -4.991122, 0.0, 0.395732, -0.918366, 0.11226, 0.0, 0.0, 0.0, 1.0],
                [1.0, 0.0, 0.0, -2.6e-05, 0.0, -0.856987, -0.515338, -4.991745, 0.0, 0.515338, -0.856987, 0.111035, 0.0, 0.0, 0.0, 1.0],
                [1.0, 0.0, 0.0, -2.6e-05, 0.0, -0.757484, -0.652854, -4.992756, 0.0, 0.652854, -0.757484, 0.109625, 0.0, 0.0, 0.0, 1.0],
                [1.0, 0.0, 0.0, -2.6e-05, 0.0, -0.722924, -0.690927, -4.993108, 0.0, 0.690927, -0.722924, 0.109235, 0.0, 0.0, 0.0, 1.0],
                [1.0, 0.0, 0.0, -2.6e-05, 0.0, -0.652853, -0.757484, -4.993821, 0.0, 0.757484, -0.652853, 0.108552, 0.0, 0.0, 0.0, 1.0],
                [1.0, 0.0, 0.0, -2.6e-05, 0.0, -0.598397, -0.801199, -4.994376, 0.0, 0.801199, -0.598397, 0.108103, 0.0, 0.0, 0.0, 1.0],
                [1.0, 0.0, 0.0, -2.6e-05, 0.0, -0.395732, -0.918366, -4.996442, 0.0, 0.918366, -0.395732, 0.106897, 0.0, 0.0, 0.0, 1.0],
                [1.0, 0.0, 0.0, -2.6e-05, 0.0, -0.257455, -0.96629, -4.997853, 0.0, 0.96629, -0.257455, 0.106402, 0.0, 0.0, 0.0, 1.0],
                [1.0, 0.0, 0.0, -2.6e-05, 0.0, -0.035536, -0.999368, -5.00012, 0.0, 0.999368, -0.035536, 0.106054, 0.0, 0.0, 0.0, 1.0],
                [1.0, 0.0, 0.0, -2.6e-05, 0.0, 0.0, -1.0, -5.000483, 0.0, 1.0, 0.0, 0.106046, 0.0, 0.0, 0.0, 1.0],
                [1.0, 0.0, 0.0, -2.6e-05, 0.0, 0.0, -1.0, -5.000483, 0.0, 1.0, 0.0, 0.106046, 0.0, 0.0, 0.0, 1.0],
                [1.0, 0.0, 0.0, -2.6e-05, 0.0, 0.0, -1.0, -5.000483, 0.0, 1.0, 0.0, 0.106046, 0.0, 0.0, 0.0, 1.0],
                [1.0, 0.0, 0.0, -2.6e-05, 0.0, 0.0, -1.0, -5.000483, 0.0, 1.0, 0.0, 0.106046, 0.0, 0.0, 0.0, 1.0],
                [1.0, 0.0, 0.0, -2.6e-05, 0.0, 0.0, -1.0, -5.000483, 0.0, 1.0, 0.0, 0.115946, 0.0, 0.0, 0.0, 1.0],
                [1.0, 0.0, 0.0, -2.6e-05, 0.0, 0.0, -1.0, -5.000483, 0.0, 1.0, 0.0, 0.176673, 0.0, 0.0, 0.0, 1.0],
                [1.0, 0.0, 0.0, -2.6e-05, 0.0, 0.0, -1.0, -5.000483, 0.0, 1.0, 0.0, 0.21519, 0.0, 0.0, 0.0, 1.0],
                [1.0, 0.0, 0.0, -2.6e-05, 0.0, 0.0, -1.0, -5.000483, 0.0, 1.0, 0.0, 0.277746, 0.0, 0.0, 0.0, 1.0],
                [1.0, 0.0, 0.0, -2.6e-05, 0.0, 0.0, -1.0, -4.983942, 0.0, 1.0, 0.0, 0.294255, 0.0, 0.0, 0.0, 1.0],
                [1.0, 0.0, 0.0, -2.6e-05, 0.0, 0.0, -1.0, -4.880208, 0.0, 1.0, 0.0, 0.30941, 0.0, 0.0, 0.0, 1.0],
                [1.0, 0.0, 0.0, -2.6e-05, 0.0, 0.0, -1.0, -4.812077, 0.0, 1.0, 0.0, 0.311304, 0.0, 0.0, 0.0, 1.0],
                [1.0, 0.0, 0.0, -2.6e-05, 0.0, 0.0, -1.0, -4.687953, 0.0, 1.0, 0.0, 0.312919, 0.0, 0.0, 0.0, 1.0],
                [1.0, 0.0, 0.0, -2.6e-05, 0.0, 0.0, -1.0, -4.633096, 0.0, 1.0, 0.0, 0.322323, 0.0, 0.0, 0.0, 1.0],
                [1.0, 0.0, 0.0, -2.6e-05, 0.0, 0.0, -1.0, -4.498805, 0.0, 1.0, 0.0, 0.397562, 0.0, 0.0, 0.0, 1.0],
                [1.0, 0.0, 0.0, -2.6e-05, 0.0, 0.0, -1.0, -4.406575, 0.0, 1.0, 0.0, 0.47588, 0.0, 0.0, 0.0, 1.0],
                [1.0, 0.0, 0.0, -2.6e-05, 0.0, 0.0, -1.0, -4.21785, 0.0, 1.0, 0.0, 0.659328, 0.0, 0.0, 0.0, 1.0],
                [1.0, 0.0, 0.0, -2.6e-05, 0.0, 0.0, -1.0, -4.152501, 0.0, 1.0, 0.0, 0.727027, 0.0, 0.0, 0.0, 1.0]
            ]
        },
        {
            "name": "Thigh_R",
            "time": [0.0, 0.0417, 0.125, 0.1667, 0.25, 0.2917, 0.375, 0.4583, 0.5, 0.5417, 0.5833, 0.625, 0.6667, 0.7083, 0.75, 0.7917, 0.8333, 0.875, 0.9167, 0.9583, 1.0, 1.0417, 1.125, 1.1667, 1.25, 1.2917, 1.375, 1.4167, 1.5, 1.5417, 1.625, 1.6667, 1.75, 1.7917, 1.875, 1.9167, 2.0, 2.0417, 2.125, 2.1667, 2.25, 2.2917, 2.375, 2.4167, 2.5, 2.5417, 2.625, 2.6667, 2.75, 2.7917, 2.875, 2.9167, 3.0, 3.0417, 3.125, 3.1667, 3.25, 3.2917, 3.375, 3.4167, 3.5, 3.5417, 3.625, 3.6667, 3.75, 3.7917, 3.875, 3.9167],
            "transform": [
                [1.0, -1e-06, -0.0, 0.123394, -0.0, -0.328062, 0.944656, 0.011971, -1e-06, -0.944656, -0.328062, -0.025951, 0.0, 0.0, 0.0, 1.0],
                [1.0, -1e-06, -0.0, 0.123394, -0.0, -0.328062, 0.944656, 0.011971, -1e-06, -0.944656, -0.328062, -0.025951, 0.0, 0.0, 0.0, 1.0],
                [0.995121, 0.096049, -0.022554, 0.124375, 0.093135, -0.839057, 0.536012, 0.00673, 0.032559, -0.535497, -0.843909, -0.021792, 0.0, 0.0, 0.0, 1.0],
                [0.986874, 0.161489, 0.000817, 0.125044, 0.160675, -0.982379, 0.095474, 0.005245, 0.016221, -0.094089, -0.995432, -0.017287, 0.0, 0.0, 0.0, 1.0],
                [0.982633, 0.185506, -0.004389, 0.12529, 0.185558, -0.982359, 0.023238, 0.005242, -1e-06, -0.023649, -0.99972, -0.016567, 0.0, 0.0, 0.0, 1.0],
                [0.982633, 0.174375, -0.063444, 0.125174, 0.185558, -0.923415, 0.335965, 0.005857, -1e-06, -0.341903, -0.939735, -0.019817, 0.0, 0.0, 0.0, 1.0],
                [0.982633, 0.088243, -0.163233, 0.124289, 0.185559, -0.467301, 0.864406, 0.010541, -1e-06, -0.879683, -0.47556, -0.025293, 0.0, 0.0, 0.0, 1.0],
                [0.982619, 0.07221, -0.171016, 0.124125, 0.185634, -0.377773, 0.907098, 0.011457, 0.000897, -0.923078, -0.384612, -0.025733, 0.0, 0.0, 0.0, 1.0],
                [0.982597, 0.087491, -0.163857, 0.124282, 0.18572, -0.446449, 0.875324, 0.010754, 0.003429, -0.890522, -0.454928, -0.025404, 0.0, 0.0, 0.0, 1.0],
                [0.982579, 0.10888, -0.150614, 0.124501, 0.185701, -0.542957, 0.81897, 0.009766, 0.007393, -0.832672, -0.553717, -0.024816, 0.0, 0.0, 0.0, 1.0],
                [0.98257, 0.132203, -0.130685, 0.12474, 0.185466, -0.649535, 0.737365, 0.008674, 0.012597, -0.74875, -0.662733, -0.023963, 0.0, 0.0, 0.0, 1.0],
                [0.982598, 0.153031, -0.105277, 0.124954, 0.184788, -0.747872, 0.637605, 0.007663, 0.01884, -0.645963, -0.763136, -0.022917, 0.0, 0.0, 0.0, 1.0],
                [0.982687, 0.168249, -0.077574, 0.12511, 0.183464, -0.825367, 0.533957, 0.006868, 0.025811, -0.538944, -0.841946, -0.021827, 0.0, 0.0, 0.0, 1.0],
                [0.982758, 0.177725, -0.050992, 0.125208, 0.181971, -0.880849, 0.437026, 0.006296, 0.032755, -0.43877, -0.898002, -0.020806, 0.0, 0.0, 0.0, 1.0],
                [0.982764, 0.18271, -0.028131, 0.12526, 0.180751, -0.917799, 0.353518, 0.005916, 0.038773, -0.352509, -0.935005, -0.019926, 0.0, 0.0, 0.0, 1.0],
                [0.982714, 0.184817, -0.010739, 0.125283, 0.180063, -0.94074, 0.287378, 0.005679, 0.043009, -0.284344, -0.957757, -0.01923, 0.0, 0.0, 0.0, 1.0],
                [0.982633, 0.185558, -1e-06, 0.125291, 0.180107, -0.953766, 0.240606, 0.005544, 0.044646, -0.236428, -0.970623, -0.018741, 0.0, 0.0, 0.0, 1.0],
                [0.982569, 0.1858, 0.005975, 0.125293, 0.180447, -0.960999, 0.209572, 0.005468, 0.044681, -0.204841, -0.977775, -0.018419, 0.0, 0.0, 0.0, 1.0],
                [0.982552, 0.185721, 0.009998, 0.125293, 0.180542, -0.965307, 0.188643, 0.005424, 0.044686, -0.183547, -0.981995, -0.018201, 0.0, 0.0, 0.0, 1.0],
                [0.982564, 0.185505, 0.012447, 0.12529, 0.180474, -0.967722, 0.175907, 0.005398, 0.044677, -0.170593, -0.984328, -0.018069, 0.0, 0.0, 0.0, 1.0],
                [0.982593, 0.185267, 0.013714, 0.125288, 0.180325, -0.968918, 0.169355, 0.005386, 0.044664, -0.163934, -0.98546, -0.018001, 0.0, 0.0, 0.0, 1.0],
                [0.982621, 0.185082, 0.014188, 0.125286, 0.180175, -0.969365, 0.16694, 0.005382, 0.044651, -0.161482, -0.985865, -0.017976, 0.0, 0.0, 0.0, 1.0],
                [0.9826, 0.185216, 0.013881, 0.125288, 0.180203, -0.96877, 0.170329, 0.005387, 0.044995, -0.164864, -0.985289, -0.01801, 0.0, 0.0, 0.0, 1.0],
                [0.982539, 0.185593, 0.013126, 0.125291, 0.180383, -0.967493, 0.177253, 0.005401, 0.045596, -0.171791, -0.984078, -0.018081, 0.0, 0.0, 0.0, 1.0],
                [0.982633, 0.185148, 0.012325, 0.125287, 0.179956, -0.967059, 0.180036, 0.005405, 0.045252, -0.174692, -0.983583, -0.018111, 0.0, 0.0, 0.0, 1.0],
                [0.98297, 0.183366, 0.012101, 0.125269, 0.17836, -0.967841, 0.177399, 0.005397, 0.044241, -0.17222, -0.984064, -0.018085, 0.0, 0.0, 0.0, 1.0],
                [0.984184, 0.176767, 0.011682, 0.125201, 0.17235, -0.970671, 0.167612, 0.005368, 0.040968, -0.162947, -0.985784, -0.017991, 0.0, 0.0, 0.0, 1.0],
                [0.985003, 0.172155, 0.011456, 0.125154, 0.168112, -0.972571, 0.160763, 0.005348, 0.038818, -0.156426, -0.986927, -0.017924, 0.0, 0.0, 0.0, 1.0],
                [0.986924, 0.16082, 0.010893, 0.125038, 0.157608, -0.976959, 0.143915, 0.005303, 0.033787, -0.140316, -0.98953, -0.017759, 0.0, 0.0, 0.0, 1.0],
                [0.987967, 0.154306, 0.010527, 0.124971, 0.151522, -0.979299, 0.134221, 0.005279, 0.03102, -0.131011, -0.990896, -0.017664, 0.0, 0.0, 0.0, 1.0],
                [0.99009, 0.140106, 0.009569, 0.124826, 0.138143, -0.983937, 0.11307, 0.005231, 0.025257, -0.110627, -0.993541, -0.017456, 0.0, 0.0, 0.0, 1.0],
                [0.991125, 0.132634, 0.008967, 0.12475, 0.131042, -0.986123, 0.101928, 0.005208, 0.022362, -0.099848, -0.994751, -0.017346, 0.0, 0.0, 0.0, 1.0],
                [0.993047, 0.117478, 0.007524, 0.124595, 0.116518, -0.990017, 0.079307, 0.005168, 0.016766, -0.077879, -0.996822, -0.017121, 0.0, 0.0, 0.0, 1.0],
                [0.993908, 0.110009, 0.0067, 0.124518, 0.109302, -0.99167, 0.068148, 0.00515, 0.014141, -0.067001, -0.997653, -0.01701, 0.0, 0.0, 0.0, 1.0],
                [0.995386, 0.095825, 0.004923, 0.124373, 0.095491, -0.994323, 0.046938, 0.005123, 0.009393, -0.046251, -0.998886, -0.016798, 0.0, 0.0, 0.0, 1.0],
                [0.995995, 0.089322, 0.004015, 0.124307, 0.089112, -0.995326, 0.037204, 0.005112, 0.007319, -0.036698, -0.999299, -0.0167, 0.0, 0.0, 0.0, 1.0],
                [0.996949, 0.078018, 0.002294, 0.124191, 0.077955, -0.996751, 0.020273, 0.005098, 0.003868, -0.020032, -0.999792, -0.01653, 0.0, 0.0, 0.0, 1.0],
                [0.9973, 0.073424, 0.001543, 0.124144, 0.073397, -0.997213, 0.013388, 0.005093, 0.002521, -0.013239, -0.999909, -0.01646, 0.0, 0.0, 0.0, 1.0],
                [0.997762, 0.066866, 0.000419, 0.124077, 0.066864, -0.997756, 0.003555, 0.005087, 0.000656, -0.003519, -0.999994, -0.016361, 0.0, 0.0, 0.0, 1.0],
                [0.997878, 0.065106, 0.000108, 0.124059, 0.065106, -0.997878, 0.000915, 0.005086, 0.000167, -0.000907, -1.0, -0.016335, 0.0, 0.0, 0.0, 1.0],
                [0.997886, 0.064991, 0.000556, 0.124058, 0.064934, -0.997306, 0.034112, 0.005092, 0.002772, -0.034003, -0.999418, -0.016673, 0.0, 0.0, 0.0, 1.0],
                [0.997791, 0.066401, 0.001909, 0.124072, 0.065652, -0.990108, 0.124001, 0.005169, 0.010124, -0.123601, -0.99228, -0.017588, 0.0, 0.0, 0.0, 1.0],
                [0.997435, 0.071411, 0.004855, 0.124124, 0.063939, -0.919437, 0.388004, 0.005903, 0.032171, -0.386698, -0.921645, -0.020274, 0.0, 0.0, 0.0, 1.0],
                [0.997223, 0.074271, 0.0055, 0.124153, 0.060959, -0.856449, 0.51262, 0.006551, 0.042784, -0.510861, -0.858598, -0.021541, 0.0, 0.0, 0.0, 1.0],
                [0.996901, 0.078515, 0.004823, 0.124196, 0.054811, -0.7373, 0.673339, 0.007775, 0.056423, -0.670988, -0.739318, -0.023173, 0.0, 0.0, 0.0, 1.0],
                [0.996793, 0.079917, 0.004171, 0.124211, 0.052289, -0.689883, 0.72203, 0.008262, 0.06058, -0.719496, -0.691849, -0.023667, 0.0, 0.0, 0.0, 1.0],
                [0.996624, 0.082023, 0.003652, 0.124232, 0.047301, -0.609959, 0.79102, 0.009082, 0.067109, -0.788176, -0.611779, -0.024366, 0.0, 0.0, 0.0, 1.0],
                [0.996534, 0.083076, 0.004205, 0.124243, 0.043937, -0.568629, 0.82142, 0.009506, 0.070632, -0.818389, -0.570308, -0.024673, 0.0, 0.0, 0.0, 1.0],
                [0.996257, 0.086121, 0.007392, 0.124274, 0.032926, -0.457175, 0.888767, 0.010648, 0.079921, -0.885197, -0.458299, -0.025351, 0.0, 0.0, 0.0, 1.0],
                [0.996056, 0.088281, 0.008876, 0.124296, 0.025367, -0.379208, 0.924964, 0.011446, 0.085023, -0.92109, -0.379952, -0.025714, 0.0, 0.0, 0.0, 1.0],
                [0.995656, 0.092894, 0.006206, 0.124343, 0.008861, -0.160901, 0.986931, 0.01368, 0.092678, -0.982589, -0.161025, -0.026334, 0.0, 0.0, 0.0, 1.0],
                [0.995558, 0.094146, -0.0, 0.124356, 0.000899, -0.00951, 0.999955, 0.015228, 0.094141, -0.995513, -0.009553, -0.02646, 0.0, 0.0, 0.0, 1.0],
                [0.995596, 0.089064, -0.029243, 0.124303, -0.004853, 0.360506, 0.932744, 0.019007, 0.093616, -0.928495, 0.359351, -0.02576, 0.0, 0.0, 0.0, 1.0],
                [0.995605, 0.081615, -0.04593, 0.124226, -0.003142, 0.51927, 0.854604, 0.020626, 0.093598, -0.850704, 0.517245, -0.024959, 0.0, 0.0, 0.0, 1.0],
                [0.995558, 0.069939, -0.063024, 0.124106, 0.0009, 0.662329, 0.749213, 0.022084, 0.094142, -0.745942, 0.659325, -0.023882, 0.0, 0.0, 0.0, 1.0],
                [0.995577, 0.070131, -0.062509, 0.124108, 0.002068, 0.648853, 0.760911, 0.021946, 0.093923, -0.757675, 0.645838, -0.024003, 0.0, 0.0, 0.0, 1.0],
                [0.995592, 0.074409, -0.05709, 0.124152, 0.006991, 0.548147, 0.836354, 0.02092, 0.093526, -0.833067, 0.54521, -0.024777, 0.0, 0.0, 0.0, 1.0],
                [0.995611, 0.077557, -0.052375, 0.124184, 0.010444, 0.464069, 0.885737, 0.020063, 0.093001, -0.882397, 0.461223, -0.025285, 0.0, 0.0, 0.0, 1.0],
                [0.995718, 0.083281, -0.040123, 0.124243, 0.018158, 0.249381, 0.968236, 0.017872, 0.090642, -0.964818, 0.246801, -0.026136, 0.0, 0.0, 0.0, 1.0],
                [0.995804, 0.085117, -0.033592, 0.124262, 0.021789, 0.135981, 0.990472, 0.016714, 0.088874, -0.987048, 0.133556, -0.026368, 0.0, 0.0, 0.0, 1.0],
                [0.996018, 0.086667, -0.020883, 0.124279, 0.028021, -0.081982, 0.99624, 0.014487, 0.084629, -0.992859, -0.084084, -0.026436, 0.0, 0.0, 0.0, 1.0],
                [0.996142, 0.0865, -0.014785, 0.124277, 0.030668, -0.185296, 0.982204, 0.01343, 0.082221, -0.978868, -0.187234, -0.026297, 0.0, 0.0, 0.0, 1.0],
                [0.996436, 0.084304, -0.002901, 0.124255, 0.03509, -0.382984, 0.923088, 0.011407, 0.076709, -0.9199, -0.384577, -0.025702, 0.0, 0.0, 0.0, 1.0],
                [0.996682, 0.081298, 0.003871, 0.124225, 0.036382, -0.487558, 0.872332, 0.010337, 0.072806, -0.869297, -0.488899, -0.025189, 0.0, 0.0, 0.0, 1.0],
                [0.997654, 0.064995, 0.021488, 0.124059, 0.033225, -0.734196, 0.678124, 0.007808, 0.05985, -0.67582, -0.734633, -0.023222, 0.0, 0.0, 0.0, 1.0],
                [0.998498, 0.048089, 0.026244, 0.123886, 0.027882, -0.858439, 0.512158, 0.006532, 0.047158, -0.510657, -0.85849, -0.021539, 0.0, 0.0, 0.0, 1.0],
                [0.999832, 0.013158, 0.012786, 0.123529, 0.010978, -0.987423, 0.157721, 0.005199, 0.014701, -0.157554, -0.987401, -0.017935, 0.0, 0.0, 0.0, 1.0],
                [0.999987, 0.003374, 0.003866, 0.123429, 0.003206, -0.999089, 0.04255, 0.005076, 0.004006, -0.042537, -0.999087, -0.01676, 0.0, 0.0, 0.0, 1.0]
            ]
        },
        {
            "name": "Leg_R",
            "time": [0.0, 0.0417, 0.125, 0.1667, 0.25, 0.2917, 0.375, 0.4583, 0.5, 0.5417, 0.5833, 0.625, 0.6667, 0.7083, 0.75, 0.7917, 0.8333, 0.875, 0.9167, 0.9583, 1.0, 1.0417, 1.125, 1.1667, 1.25, 1.2917, 1.375, 1.4167, 1.5, 1.5417, 1.625, 1.6667, 1.75, 1.7917, 1.875, 1.9167, 2.0, 2.0417, 2.125, 2.1667, 2.25, 2.2917, 2.375, 2.4167, 2.5, 2.5417, 2.625, 2.6667, 2.75, 2.7917, 2.875, 2.9167, 3.0, 3.0417, 3.125, 3.1667, 3.25, 3.2917, 3.375, 3.4167, 3.5, 3.5417, 3.625, 3.6667, 3.75, 3.7917, 3.875, 3.9167],
            "transform": [
                [1.0, -0.0, 2e-06, 0.0, -1e-06, 0.570779, 0.821104, 0.37472, -1e-06, -0.821104, 0.570779, -0.0, 0.0, 0.0, 0.0, 1.0],
                [1.0, -0.0, 2e-06, 0.0, -1e-06, 0.570779, 0.821104, 0.37472, -1e-06, -0.821104, 0.570779, -0.0, 0.0, 0.0, 0.0, 1.0],
                [1.0, 1e-06, 2e-06, -0.0, -1e-06, 0.861152, 0.508347, 0.37472, -1e-06, -0.508347, 0.861152, -0.0, 0.0, 0.0, 0.0, 1.0],
                [1.0, 1e-06, 2e-06, -0.0, -1e-06, 0.972475, 0.233008, 0.37472, -1e-06, -0.233008, 0.972475, -0.0, 0.0, 0.0, 0.0, 1.0],
                [1.0, 1e-06, 1e-06, -0.0, -1e-06, 0.989587, 0.143937, 0.37472, -1e-06, -0.143937, 0.989587, -0.0, 0.0, 0.0, 0.0, 1.0],
                [1.0, 1e-06, 2e-06, 0.0, -1e-06, 0.970551, 0.240895, 0.37472, -1e-06, -0.240895, 0.970551, -0.0, 0.0, 0.0, 0.0, 1.0],
                [1.0, 1e-06, 2e-06, 0.0, -1e-06, 0.895849, 0.444358, 0.37472, -1e-06, -0.444358, 0.895849, -0.0, 0.0, 0.0, 0.0, 1.0],
                [1.0, 1e-06, 2e-06, 0.0, -1e-06, 0.883998, 0.467491, 0.37472, -1e-06, -0.467491, 0.883998, -0.0, 0.0, 0.0, 0.0, 1.0],
                [1.0, 1e-06, 2e-06, 0.0, -1e-06, 0.902241, 0.431232, 0.37472, -1e-06, -0.431232, 0.902241, -0.0, 0.0, 0.0, 0.0, 1.0],
                [1.0, 1e-06, 2e-06, 0.0, -1e-06, 0.925779, 0.378065, 0.37472, -1e-06, -0.378065, 0.925779, 0.0, 0.0, 0.0, 0.0, 1.0],
                [1.0, 1e-06, 2e-06, -0.0, -1e-06, 0.949246, 0.314533, 0.37472, -1e-06, -0.314533, 0.949246, 1e-06, 0.0, 0.0, 0.0, 1.0],
                [1.0, 1e-06, 2e-06, -0.0, -1e-06, 0.968701, 0.248232, 0.37472, -1e-06, -0.248232, 0.968701, -0.0, 0.0, 0.0, 0.0, 1.0],
                [0.999999, 0.000108, -0.00113, 0.0, 0.000105, 0.982419, 0.186687, 0.374721, 0.00113, -0.186687, 0.982419, -0.0, 0.0, 0.0, 0.0, 1.0],
                [0.999992, 0.000259, -0.003829, -0.0, 0.000256, 0.99098, 0.134007, 0.37472, 0.003829, -0.134007, 0.990973, 0.0, 0.0, 0.0, 0.0, 1.0],
                [0.999975, 0.00033, -0.007042, 0.0, 0.000327, 0.995652, 0.093148, 0.37472, 0.007042, -0.093148, 0.995627, -0.0, 0.0, 0.0, 0.0, 1.0],
                [0.999953, 0.000326, -0.009726, -0.0, 0.000324, 0.997767, 0.066793, 0.37472, 0.009726, -0.066793, 0.997719, 0.0, 0.0, 0.0, 0.0, 1.0],
                [0.999941, 0.000313, -0.010849, -0.0, 0.000311, 0.998348, 0.057457, 0.37472, 0.010849, -0.057457, 0.998289, -0.0, 0.0, 0.0, 0.0, 1.0],
                [0.999941, 0.00055, -0.010839, -0.0, 0.000311, 0.996859, 0.079195, 0.37472, 0.010849, -0.079193, 0.9968, 0.0, 0.0, 0.0, 0.0, 1.0],
                [0.999941, 0.00114, -0.010793, 0.0, 0.000311, 0.991053, 0.13347, 0.37472, 0.010849, -0.133465, 0.990994, 0.0, 0.0, 0.0, 0.0, 1.0],
                [0.999941, 0.001904, -0.010685, -0.0, 0.000311, 0.979064, 0.203552, 0.37472, 0.010849, -0.203543, 0.979006, -0.0, 0.0, 0.0, 0.0, 1.0],
                [0.999941, 0.002659, -0.010522, -0.0, 0.000311, 0.962126, 0.272605, 0.37472, 0.010849, -0.272593, 0.962068, -0.0, 0.0, 0.0, 0.0, 1.0],
                [0.999941, 0.003229, -0.010362, -0.0, 0.000311, 0.945818, 0.324697, 0.37472, 0.010849, -0.324681, 0.945761, -0.0, 0.0, 0.0, 0.0, 1.0],
                [0.999941, 0.003323, -0.010347, -0.0, 0.000322, 0.94264, 0.333811, 0.374721, 0.010863, -0.333794, 0.942583, -0.0, 0.0, 0.0, 0.0, 1.0],
                [0.999941, 0.003016, -0.010468, 0.0, 0.000334, 0.951957, 0.30623, 0.37472, 0.010889, -0.306216, 0.9519, 0.0, 0.0, 0.0, 0.0, 1.0],
                [0.999941, 0.002345, -0.010588, -0.0, 0.000272, 0.970617, 0.24063, 0.37472, 0.010841, -0.240619, 0.970559, -0.0, 0.0, 0.0, 0.0, 1.0],
                [0.999943, 0.002038, -0.010483, 0.0, 0.00022, 0.977475, 0.21105, 0.37472, 0.010677, -0.21104, 0.977419, 0.0, 0.0, 0.0, 0.0, 1.0],
                [0.999949, 0.001487, -0.009965, 0.0, 0.000116, 0.987279, 0.158995, 0.37472, 0.010075, -0.158988, 0.987229, 0.0, 0.0, 0.0, 0.0, 1.0],
                [0.999954, 0.001247, -0.009575, 0.0, 7.1e-05, 0.990651, 0.136419, 0.37472, 0.009656, -0.136413, 0.990605, 0.0, 0.0, 0.0, 0.0, 1.0],
                [0.999963, 0.000844, -0.008588, -0.0, -0.0, 0.995208, 0.097778, 0.37472, 0.008629, -0.097775, 0.995171, 0.0, 0.0, 0.0, 0.0, 1.0],
                [0.999968, 0.00068, -0.008013, 0.0, -2.4e-05, 0.996672, 0.081522, 0.37472, 0.008042, -0.08152, 0.996639, 0.0, 0.0, 0.0, 0.0, 1.0],
                [0.999977, 0.000421, -0.006752, -0.0, -5.2e-05, 0.998508, 0.054602, 0.37472, 0.006765, -0.054601, 0.998485, 0.0, 0.0, 0.0, 0.0, 1.0],
                [0.999981, 0.000323, -0.006087, -0.0, -5.6e-05, 0.999044, 0.04371, 0.37472, 0.006096, -0.043708, 0.999026, -0.0, 0.0, 0.0, 0.0, 1.0],
                [0.999989, 0.000178, -0.004737, 0.0, -5.3e-05, 0.99965, 0.02647, 0.37472, 0.00474, -0.026469, 0.999638, -0.0, 0.0, 0.0, 0.0, 1.0],
                [0.999992, 0.000127, -0.004071, -0.0, -4.6e-05, 0.999802, 0.019883, 0.37472, 0.004072, -0.019883, 0.999794, -0.0, 0.0, 0.0, 0.0, 1.0],
                [0.999996, 5.9e-05, -0.002805, -0.0, -3.1e-05, 0.999948, 0.010177, 0.37472, 0.002805, -0.010177, 0.999944, -0.0, 0.0, 0.0, 0.0, 1.0],
                [0.999997, 3.8e-05, -0.002224, -0.0, -2.3e-05, 0.999977, 0.006818, 0.37472, 0.002224, -0.006818, 0.999974, 0.0, 0.0, 0.0, 0.0, 1.0],
                [0.999999, 1.4e-05, -0.001212, -0.0, -1.1e-05, 0.999997, 0.002485, 0.37472, 0.001212, -0.002485, 0.999996, -0.0, 0.0, 0.0, 0.0, 1.0],
                [1.0, 7e-06, -0.0008, -0.0, -6e-06, 0.999999, 0.001273, 0.37472, 0.0008, -0.001273, 0.999999, -0.0, 0.0, 0.0, 0.0, 1.0],
                [1.0, 2e-06, -0.000212, -0.0, -2e-06, 1.0, 0.00016, 0.37472, 0.000212, -0.00016, 1.0, -0.0, 0.0, 0.0, 0.0, 1.0],
                [1.0, 1e-06, -5.4e-05, 0.0, -1e-06, 1.0, 2.1e-05, 0.37472, 5.4e-05, -2.1e-05, 1.0, 0.0, 0.0, 0.0, 0.0, 1.0],
                [1.0, 1e-06, 1e-06, -0.0, -1e-06, 1.0, 1e-06, 0.374721, -1e-06, -1e-06, 1.0, -0.0, 0.0, 0.0, 0.0, 1.0],
                [1.0, 1e-06, 1e-06, 0.0, -1e-06, 1.0, 1e-06, 0.374721, -1e-06, -1e-06, 1.0, -0.0, 0.0, 0.0, 0.0, 1.0],
                [1.0, 1e-06, 1e-06, 0.0, -1e-06, 1.0, 1e-06, 0.37472, -1e-06, -1e-06, 1.0, -0.0, 0.0, 0.0, 0.0, 1.0],
                [1.0, 1e-06, 1e-06, -0.0, -1e-06, 1.0, 1e-06, 0.37472, -1e-06, -1e-06, 1.0, -0.0, 0.0, 0.0, 0.0, 1.0],
                [1.0, 1e-06, 1e-06, -0.0, -1e-06, 1.0, 1e-06, 0.37472, -1e-06, -1e-06, 1.0, -0.0, 0.0, 0.0, 0.0, 1.0],
                [1.0, 1e-06, 1e-06, 0.0, -1e-06, 1.0, 1e-06, 0.37472, -1e-06, -1e-06, 1.0, -0.0, 0.0, 0.0, 0.0, 1.0],
                [1.0, 1e-06, 1e-06, -0.0, -1e-06, 1.0, 1e-06, 0.37472, -1e-06, -1e-06, 1.0, 0.0, 0.0, 0.0, 0.0, 1.0],
                [1.0, 1e-06, 1e-06, 0.0, -1e-06, 1.0, 1e-06, 0.374721, -1e-06, -1e-06, 1.0, -0.0, 0.0, 0.0, 0.0, 1.0],
                [1.0, 1e-06, 1e-06, 0.0, -1e-06, 1.0, 1e-06, 0.37472, -1e-06, -1e-06, 1.0, -0.0, 0.0, 0.0, 0.0, 1.0],
                [1.0, 1e-06, 1e-06, -0.0, -1e-06, 1.0, 1e-06, 0.37472, -1e-06, -1e-06, 1.0, -0.0, 0.0, 0.0, 0.0, 1.0],
                [1.0, 1e-06, 1e-06, -0.0, -1e-06, 1.0, 1e-06, 0.374719, -1e-06, -1e-06, 1.0, 0.0, 0.0, 0.0, 0.0, 1.0],
                [1.0, 1e-06, 1e-06, -0.0, -1e-06, 1.0, 1e-06, 0.374721, -1e-06, -1e-06, 1.0, -0.0, 0.0, 0.0, 0.0, 1.0],
                [0.99898, -0.042491, 0.015301, 0.0, 0.030496, 0.884558, 0.465433, 0.37472, -0.033311, -0.464491, 0.884951, -0.0, 0.0, 0.0, 0.0, 1.0],
                [0.996552, -0.082333, 0.010298, -0.0, 0.041239, 0.599159, 0.799567, 0.374721, -0.072001, -0.796385, 0.600488, -0.0, 0.0, 0.0, 0.0, 1.0],
                [0.992529, -0.119944, -0.022339, -0.0, 0.025624, 0.025915, 0.999336, 0.37472, -0.119285, -0.992442, 0.028795, -0.0, 0.0, 0.0, 0.0, 1.0],
                [0.99248, -0.118943, -0.028907, -0.0, 0.0209, -0.068022, 0.997465, 0.37472, -0.120608, -0.990569, -0.065024, -0.0, 0.0, 0.0, 0.0, 1.0],
                [0.992949, -0.112326, -0.037879, 0.0, 0.021429, -0.144187, 0.989319, 0.37472, -0.116588, -0.983155, -0.140763, 0.0, 0.0, 0.0, 0.0, 1.0],
                [0.99335, -0.107206, -0.041979, 0.0, 0.023648, -0.16686, 0.985697, 0.37472, -0.112677, -0.980135, -0.163215, 0.0, 0.0, 0.0, 0.0, 1.0],
                [0.994329, -0.092236, -0.052941, -0.0, 0.0245, -0.285743, 0.957993, 0.374721, -0.103488, -0.953857, -0.281863, -0.0, 0.0, 0.0, 0.0, 1.0],
                [0.995015, -0.080444, -0.058942, -0.0, 0.020457, -0.413822, 0.910129, 0.374721, -0.097606, -0.906797, -0.410113, 0.0, 0.0, 0.0, 0.0, 1.0],
                [0.996707, -0.050904, -0.06312, 0.0, 0.010489, -0.690935, 0.722841, 0.37472, -0.080407, -0.721123, -0.688126, -0.0, 0.0, 0.0, 0.0, 1.0],
                [0.997324, -0.038368, -0.062225, -0.0, 0.009493, -0.776021, 0.630637, 0.374721, -0.072485, -0.62954, -0.77358, -0.0, 0.0, 0.0, 0.0, 1.0],
                [0.997452, -0.025895, -0.066477, 0.0, 0.018703, -0.8043, 0.59393, 0.374721, -0.068847, -0.59366, -0.801766, -0.0, 0.0, 0.0, 0.0, 1.0],
                [0.997053, -0.024303, -0.072765, 0.0, 0.025421, -0.790244, 0.612265, 0.37472, -0.072382, -0.61231, -0.787298, -0.0, 0.0, 0.0, 0.0, 1.0],
                [0.996395, -0.03066, -0.079101, -0.0, 0.039032, -0.662177, 0.74833, 0.374721, -0.075322, -0.74872, -0.658593, 0.0, 0.0, 0.0, 0.0, 1.0],
                [0.996832, -0.040263, -0.068597, 0.0, 0.047443, -0.39124, 0.919065, 0.37472, -0.063842, -0.919408, -0.388091, 0.0, 0.0, 0.0, 0.0, 1.0],
                [0.99948, -0.029813, -0.012266, 0.0, 0.030963, 0.781896, 0.62264, 0.37472, -0.008972, -0.622696, 0.782413, -1e-06, 0.0, 0.0, 0.0, 1.0],
                [0.999962, -0.008576, -0.001228, -0.0, 0.008659, 0.984441, 0.175499, 0.37472, -0.000296, -0.175503, 0.984479, 0.0, 0.0, 0.0, 0.0, 1.0]
            ]
        },
        {
            "name": "Knee_R",
            "time": [0.0, 0.0417, 0.125, 0.1667, 0.25, 0.2917, 0.375, 0.4583, 0.5, 0.5417, 0.5833, 0.625, 0.6667, 0.7083, 0.75, 0.7917, 0.8333, 0.875, 0.9167, 0.9583, 1.0, 1.0417, 1.125, 1.1667, 1.25, 1.2917, 1.375, 1.4167, 1.5, 1.5417, 1.625, 1.6667, 1.75, 1.7917, 1.875, 1.9167, 2.0, 2.0417, 2.125, 2.1667, 2.25, 2.2917, 2.375, 2.4167, 2.5, 2.5417, 2.625, 2.6667, 2.75, 2.7917, 2.875, 2.9167, 3.0, 3.0417, 3.125, 3.1667, 3.25, 3.2917, 3.375, 3.4167, 3.5, 3.5417, 3.625, 3.6667, 3.75, 3.7917, 3.875, 3.9167],
            "transform": [
                [1.0, 1e-06, -2e-06, -0.0, -2e-06, 1e-06, -1.0, 0.37472, -1e-06, 1.0, 1e-06, 0.0, 0.0, 0.0, 0.0, 1.0],
                [1.0, 1e-06, -2e-06, -0.0, -2e-06, 1e-06, -1.0, 0.37472, -1e-06, 1.0, 1e-06, 0.0, 0.0, 0.0, 0.0, 1.0],
                [1.0, 1e-06, -2e-06, -0.0, -2e-06, 1e-06, -1.0, 0.37472, -1e-06, 1.0, 1e-06, 0.0, 0.0, 0.0, 0.0, 1.0],
                [1.0, 1e-06, -2e-06, -0.0, -2e-06, 1e-06, -1.0, 0.37472, -1e-06, 1.0, 1e-06, 0.0, 0.0, 0.0, 0.0, 1.0],
                [1.0, 1e-06, -2e-06, -0.0, -2e-06, 1e-06, -1.0, 0.374721, -1e-06, 1.0, 1e-06, 0.0, 0.0, 0.0, 0.0, 1.0],
                [1.0, 1e-06, -2e-06, 0.0, -2e-06, 1e-06, -1.0, 0.37472, -1e-06, 1.0, 1e-06, 0.0, 0.0, 0.0, 0.0, 1.0],
                [1.0, 1e-06, -2e-06, 0.0, -2e-06, 1e-06, -1.0, 0.37472, -1e-06, 1.0, 1e-06, 0.0, 0.0, 0.0, 0.0, 1.0],
                [1.0, 1e-06, -2e-06, -0.0, -2e-06, 1e-06, -1.0, 0.37472, -1e-06, 1.0, 1e-06, 1e-06, 0.0, 0.0, 0.0, 1.0],
